1,241,504.051950
2,11,673.851200
2,562,316.603200
2,726,681.083200
2,2575,868.452550
3,12,420.899550
3,406,396.567350
3,579,506.934200
3,2553,647.881750
4,191,349.421700
4,1252,372.666750
4,2139,750.492300
5,250,950.468750
5,1804,854.637950
6,299,822.537600
6,913,351.232550
6,1401,728.503050
6,1407,466.680650
6,2384,525.977500
7,901,606.334850
7,2511,599.774300
7,2553,552.997550
8,708,615.370050
8,1446,246.085950
8,1892,625.499600
9,1472,358.935100
9,2163,195.245000
10,397,474.512750
10,1157,493.501100
10,2166,304.384500
11,143,492.731750
11,472,654.940350
11,606,595.848900
12,1268,592.762050
12,2363,377.608250
13,814,593.970000
13,1055,302.932950
13,1710,121.206000
13,2200,243.275900
14,1248,490.058350
14,1405,305.123050
15,2226,929.835650
15,2382,1069.165600
16,270,885.667100
16,281,764.159400
16,1844,762.203400
17,281,861.850950
18,391,771.863700
19,230,733.845700
19,363,328.056500
19,531,428.749550
19,1765,479.780800
20,882,491.775550
20,1445,844.737250
21,822,315.349500
21,1573,786.220850
21,2519,537.408350
22,2223,1004.929200
23,294,1225.353200
23,348,785.260100
23,391,704.411950
23,526,755.284150
23,768,886.319550
23,799,989.409000
23,1529,907.399950
23,1835,832.337000
23,1879,783.447300
24,605,1109.549650
25,703,193.418300
25,849,478.229200
26,2698,355.420750
27,772,337.378100
28,355,1227.230800
28,764,1015.178550
29,409,391.097950
29,2448,357.651800
30,750,627.444750
30,1226,595.628500
30,2088,507.421850
30,2169,699.304850
31,1729,532.707000
31,2087,428.110100
32,381,566.810100
32,2236,137.379200
32,2549,245.444100
33,838,958.140350
33,1164,1013.712900
33,1568,918.229300
33,2379,865.944100
34,798,1150.666350
35,58,940.174250
35,282,929.821100
35,558,667.904950
35,1272,867.527500
35,1882,780.779600
36,445,662.365050
36,864,497.616300
36,1186,528.612300
36,1446,542.907000
36,1564,582.461400
36,1993,486.129500
36,2153,613.159400
36,2750,599.644100
37,1499,958.612000
37,1747,972.767600
38,1471,1075.429500
38,1643,1069.856850
39,80,1086.995100
39,256,778.623600
39,367,931.025450
39,826,752.660300
39,993,1208.567850
39,1034,1009.822800
39,1119,833.798250
39,1249,896.787550
39,1285,922.336400
39,1511,823.476000
39,1641,623.319600
39,2294,688.780600
39,2365,1100.932450
39,2409,717.399900
39,2589,722.540150
39,2725,682.234050
40,1645,767.580700
40,2065,731.203200
41,1103,480.657850
41,2083,329.671700
41,2129,380.157250
41,2389,341.632950
42,1559,942.600700
42,1787,1074.542400
42,1842,945.618000
42,2089,1034.133250
43,1737,1100.692650
43,2269,1078.309200
44,2429,1320.671200
45,1115,921.125650
46,247,423.825000
46,1104,954.677000
46,1207,441.900100
46,2721,420.203550
47,562,346.342550
47,1287,178.785750
48,1310,1223.294200
48,2438,1139.264650
49,754,603.226150
50,2532,935.182200
51,313,495.428450
51,1043,305.742150
51,1380,361.996500
51,1542,487.578300
51,1887,578.980200
52,678,467.264600
53,652,165.430350
53,2292,508.478000
54,2041,333.003350
55,70,327.112450
55,748,412.817950
55,826,722.582400
55,2032,542.622250
55,2140,555.078300
56,521,913.146850
56,1422,873.361450
56,1490,828.695800
57,237,487.076550
58,2170,968.918950
59,1425,766.979300
59,2094,723.220350
59,2422,748.564350
60,1631,454.874600
61,626,889.532250
61,707,885.155650
61,2248,883.589250
62,1632,964.606850
62,1776,971.907850
62,2305,950.773050
63,1790,422.224300
63,1905,572.547900
64,614,952.365850
65,1986,924.831300
66,381,593.371650
66,1064,506.362450
66,1078,669.368950
66,1258,658.401300
66,2175,319.444400
67,754,661.759300
68,421,709.986700
68,712,694.537250
68,2259,637.771600
69,157,372.424750
69,506,708.942300
69,995,593.324150
69,1403,543.297800
69,1543,368.347650
69,1804,724.613650
69,2016,361.277100
69,2129,326.348850
69,2753,641.703600
70,405,841.261550
70,1278,561.005050
70,1445,487.043250
70,2374,665.989050
71,106,312.961850
71,1791,421.915200
71,2491,472.704750
72,661,195.685550
72,1171,92.861500
73,775,833.473950
74,822,425.934900
74,1465,791.302950
74,2327,915.158950
75,305,809.736450
76,1482,756.715950
76,2356,745.227600
77,1115,981.010650
78,719,316.331400
78,2649,356.785400
79,1386,620.328950
81,2094,870.054700
82,2758,144.041400
83,624,317.285200
83,1441,355.657550
83,2121,311.496100
84,95,350.370150
84,246,366.256400
84,1077,571.034200
84,1190,572.401350
84,1374,494.249200
85,2059,358.949100
86,281,986.941650
86,1238,919.669650
86,2754,1045.179550
87,468,650.824400
87,852,1096.395750
87,2671,708.669550
88,748,448.994950
88,2750,343.973600
89,467,706.911750
89,2752,1001.086600
90,1106,955.538150
90,1115,844.603750
91,421,1083.967350
92,1888,764.184750
93,649,837.204700
93,699,842.898450
93,1106,877.585400
93,1842,862.414950
93,1886,811.853250
93,1911,948.969500
93,1969,838.362050
94,1545,106.977400
95,1781,580.329400
95,1985,539.143350
95,2410,604.007400
96,626,1009.727550
96,1082,1141.977750
96,1247,962.393200
96,2759,1079.931350
97,725,482.204050
97,750,994.505700
97,2581,482.105950
98,1745,298.943250
99,1437,324.813650
100,1393,649.546650
100,1587,798.937400
100,2180,822.995500
101,699,889.320300
102,120,771.496650
102,227,888.230000
102,490,722.587050
102,768,886.977050
102,1060,753.557650
102,1630,983.967200
103,331,563.543550
103,1122,656.789750
103,2469,469.678800
104,712,834.340850
105,712,909.162800
105,1668,946.066800
106,307,217.412800
106,573,455.563350
106,592,406.148850
107,1946,336.975200
107,2319,431.653000
108,2671,1326.747450
109,738,300.279000
109,1620,100.847600
109,2418,107.486300
110,1413,33.859600
110,2143,505.667500
111,916,492.747750
111,1786,496.885450
112,215,395.874800
112,263,354.019250
112,653,297.751450
113,235,1357.443100
113,914,1380.808850
114,2210,353.232600
115,309,611.285150
115,2410,477.906950
116,242,181.839800
116,1493,590.786550
117,1035,911.893100
117,2736,789.380400
118,2540,689.337600
119,556,768.368250
119,1156,733.982650
120,235,792.272500
120,550,750.151450
120,816,723.567500
120,1340,741.565450
120,1379,889.057950
120,1883,718.845100
120,1966,722.423400
120,1998,1067.687350
120,2412,883.645100
121,489,1056.656800
122,281,1169.586500
123,309,618.511800
123,683,443.856750
123,1240,615.827550
124,2385,1324.513650
125,265,595.594800
125,545,694.509600
125,1313,174.646800
125,2075,610.393050
125,2428,732.548800
126,1444,255.337100
126,1964,428.897400
127,2170,1029.621750
128,281,1078.481900
129,1116,556.726050
130,1591,980.091100
131,1630,1140.968050
131,2532,1096.554000
132,273,345.021400
132,2456,295.446900
132,2568,340.964400
133,793,1001.522450
134,161,1111.958350
134,516,790.867000
134,705,752.893450
134,803,532.515500
134,1136,972.165650
134,1240,575.005900
134,2310,626.588300
135,1228,773.917100
136,896,437.939800
136,951,482.324950
136,1322,450.794400
136,1341,404.082900
136,2195,389.764100
137,1753,370.641700
137,1909,368.175250
138,368,813.502050
138,742,952.779250
138,749,809.293250
138,771,923.497700
138,806,913.526100
138,957,1079.063800
138,1030,1042.503950
138,1270,929.939500
138,1548,1328.658200
138,1696,723.379000
138,1922,793.795150
138,1974,921.008450
138,1999,1164.349850
138,2030,1182.292350
138,2100,889.376250
138,2170,736.165750
138,2269,843.183250
138,2588,942.241900
138,2699,819.836500
139,727,934.008600
140,2429,1136.046400
141,196,587.602250
141,1265,223.594350
142,2641,867.902250
143,1091,689.653600
143,2043,761.879100
144,1562,1109.120350
144,2346,1105.086600
145,719,340.747600
146,244,630.453550
146,1515,458.644850
146,1651,377.554000
147,1054,1048.935150
148,1060,836.343000
148,1292,714.038350
148,2122,800.377550
149,668,881.262550
149,816,827.926850
150,198,798.334300
150,219,731.749550
150,443,744.415950
150,489,675.682450
150,546,843.073250
150,793,714.395800
150,1127,702.413050
150,1282,771.281050
150,1329,828.639600
150,1375,1210.640600
150,1378,899.696450
150,1570,943.965450
150,1666,725.613350
150,2264,805.086200
150,2282,835.991500
150,2351,711.846850
150,2500,776.159950
150,2571,839.675450
150,2671,672.290350
150,2699,840.385250
151,2255,1067.626800
152,1123,385.985250
152,2195,357.609100
153,695,462.129200
154,1167,349.350050
154,1228,446.945550
154,1480,328.999800
155,1477,1001.052400
156,337,1251.739650
157,518,331.386700
158,443,874.573650
158,1500,959.048450
159,281,822.788400
160,659,418.294050
160,824,481.373700
160,1536,548.083150
160,2136,563.840950
162,2111,918.347150
163,267,594.039550
163,701,279.320300
163,1882,597.382700
164,1729,225.578600
165,219,845.344600
166,246,539.472900
166,1077,337.792750
166,1514,280.635200
166,1654,605.737350
166,2081,501.544100
167,490,716.591700
167,2705,1016.630150
168,356,263.748900
168,2534,747.762350
168,2731,899.818000
169,586,399.710650
169,1947,336.358500
169,2263,368.661900
170,1505,339.629750
170,1690,191.984600
171,1052,887.472750
171,2094,856.062400
171,2424,916.164150
172,279,1022.325450
172,2216,543.784550
173,489,708.839250
173,1641,737.274300
173,2139,754.177550
174,1306,604.149050
175,827,920.753000
176,255,252.849700
176,2638,236.496050
176,2744,204.372050
177,1175,469.237750
177,1428,471.937200
177,1882,483.453400
177,2275,451.661800
177,2461,447.353200
178,313,554.877250
178,812,370.740350
179,2165,1067.185200
180,2099,777.308550
181,622,996.569100
181,1858,978.896950
181,2317,1001.006000
182,349,951.054500
182,2221,959.288000
182,2391,956.326400
182,2623,1032.995950
183,832,805.020650
184,1609,225.527450
184,2676,567.406500
185,404,1078.910400
185,1804,763.851750
185,2741,676.869950
186,854,858.501850
186,1008,397.878050
186,1509,317.184550
186,1839,332.756500
186,2287,363.295300
186,2676,374.692700
187,665,1026.623100
187,1932,1003.793350
188,539,838.297200
188,1221,924.675950
188,2419,889.410800
188,2532,818.270600
189,1262,605.565700
189,1946,602.626500
189,2609,629.462150
190,2144,772.573200
191,315,428.277400
191,692,247.095350
191,995,184.503150
191,1376,264.076550
191,1648,159.162900
191,2584,130.785800
192,193,264.614350
192,463,296.007450
192,553,413.259700
192,1403,543.818000
192,2129,503.192150
192,2201,412.675200
192,2648,430.376600
193,226,607.363450
193,587,475.745000
193,2651,681.841450
194,223,305.578150
194,1493,550.400000
195,476,709.127300
195,880,707.962450
195,1443,791.956750
195,2593,405.372200
196,2341,410.479900
197,626,944.095450
197,1035,953.950200
197,1554,917.860100
197,2438,919.080300
198,448,855.448250
199,693,198.548700
200,1430,1014.339300
201,2578,485.514900
202,1692,234.699500
203,2424,1080.687400
204,754,437.457100
205,601,881.098050
205,1295,915.386150
206,1115,1031.164250
207,1062,755.794900
208,509,971.041600
209,237,526.816900
209,394,648.917750
209,1259,367.289450
209,1412,841.564900
209,1545,549.160250
209,1726,492.253700
209,1960,636.668500
209,2011,537.202100
209,2154,711.823600
209,2358,452.409350
209,2448,517.227050
210,2202,928.962650
211,322,494.876950
212,857,422.592450
212,2369,408.759450
213,387,256.111750
213,2456,352.563800
213,2568,118.622400
214,281,760.119650
214,795,927.981550
214,1247,951.134350
214,1394,784.466200
215,507,388.925600
215,921,339.255450
215,1565,497.322700
215,1614,353.113900
216,544,347.370400
216,1526,562.414200
217,1156,565.330300
218,292,377.041000
218,1487,347.698900
218,1887,445.596350
218,2163,465.709000
218,2212,227.518400
219,1520,749.774350
220,401,379.159700
221,712,1226.767450
222,565,580.529300
222,1343,357.875000
222,1575,283.577250
222,1739,566.996150
223,2408,464.440700
224,370,218.720300
224,400,564.559250
224,974,147.631600
224,1711,177.118700
224,2006,316.314000
224,2197,266.541800
224,2449,382.979900
225,1109,564.528300
225,1698,861.018950
225,1878,597.244800
225,2352,625.037200
225,2404,564.631950
225,2678,285.989850
226,292,522.276200
226,2056,585.954800
226,2404,581.265650
226,2584,414.790650
227,424,869.838900
227,1639,890.520300
228,2259,910.185050
229,315,216.878400
229,503,315.976350
229,1648,411.477450
229,1791,346.222500
229,1861,500.453750
230,968,727.992550
230,2242,839.453850
231,1176,527.890300
231,1520,787.752850
231,1679,1064.364900
232,846,377.513350
232,2245,22.715600
233,1051,935.217750
233,1115,705.185100
233,2488,831.092600
233,2641,778.622350
234,2273,384.501500
234,2653,496.386250
235,281,678.213500
235,316,678.761450
235,391,542.876700
235,775,680.076800
235,1337,686.399400
235,1544,733.583350
235,1663,930.592250
235,1707,782.879950
235,1927,645.879800
235,2139,733.580500
235,2318,821.405350
235,2402,806.562150
235,2454,783.057000
235,2474,741.197800
235,2661,774.228600
236,1448,953.374650
236,2534,271.034550
237,507,454.548550
237,589,369.153300
237,800,262.017300
237,1305,223.434200
237,1546,444.609850
237,2018,451.597300
238,380,1022.153650
238,1321,1056.495950
239,778,52.422700
239,1294,527.244250
239,2275,308.088600
239,2688,267.413900
240,1452,283.783500
240,1695,512.141650
241,427,914.485550
242,936,678.478750
242,1261,819.978350
242,2041,334.370200
243,645,723.769750
243,841,1243.420350
243,966,724.299250
243,1430,711.705150
243,1461,665.984100
243,2278,783.200850
243,2356,683.571500
243,2413,994.756150
243,2671,616.618550
244,425,451.786100
245,2296,1177.040250
246,677,513.421450
246,1042,561.862950
246,1887,516.499050
246,2372,635.689050
247,1154,453.489850
247,1212,299.781600
248,1704,296.769000
248,2275,552.429350
248,2302,566.530750
249,389,814.350100
249,1847,808.007500
250,1164,958.620700
251,1641,958.119150
252,1638,793.017600
252,2169,612.735050
253,383,947.754000
253,663,1032.159550
253,911,864.565950
253,1423,744.922150
253,1713,707.093550
253,2407,720.024100
253,2411,1020.218200
253,2641,688.572500
254,2701,898.402300
255,1002,1173.500000
255,1344,630.110750
255,1349,394.524050
256,1738,784.735850
256,2233,549.722000
256,2604,845.335900
257,673,1124.079500
258,283,234.692200
259,316,870.600250
260,2409,657.921750
261,476,836.258300
261,2502,899.201150
261,2630,846.985550
262,569,704.368500
262,825,203.484700
262,1582,456.236150
262,1902,505.447700
262,2059,632.223450
263,427,705.921000
263,1041,405.802900
263,2027,633.064800
263,2251,582.420450
264,1482,808.119900
264,2551,797.868150
266,1025,198.635800
266,1455,213.082700
267,783,192.072900
268,908,172.071700
268,1908,252.529800
268,2238,359.621450
269,1212,413.521150
271,391,566.461200
272,1127,958.067900
273,625,648.214400
273,959,289.302200
273,1240,631.707650
274,443,1096.336800
275,588,918.754600
275,1641,965.526750
276,2429,1015.498700
277,1744,476.047050
277,1957,671.049450
277,1960,644.208950
277,2196,669.652500
278,1062,886.025900
278,1712,882.679500
278,2010,135.032300
278,2514,932.428900
279,349,814.709250
279,775,760.982300
279,2229,848.462800
279,2305,796.635050
280,2340,516.828800
281,575,885.058600
281,621,871.401550
281,666,847.097650
281,928,783.537650
281,1093,885.226300
281,1198,809.360550
281,1383,829.771700
281,1511,795.355600
281,1684,711.395950
281,1706,1054.818450
281,1874,871.262750
281,1973,757.025950
281,1986,829.900250
281,2172,793.476800
281,2379,756.074350
281,2386,1071.248600
281,2439,790.985300
282,1969,833.679850
283,1869,671.946350
283,2149,224.678500
284,2318,864.617000
285,1520,660.319550
286,393,920.768200
286,1976,934.345050
287,743,867.254150
287,1578,994.610300
287,2231,615.827100
288,548,321.298350
289,601,1025.822350
290,2195,272.285850
291,1355,325.617100
291,1498,1032.516850
292,720,214.282050
292,1642,359.988550
292,2352,532.542500
293,448,1002.684850
295,489,705.123700
295,490,699.109500
295,549,715.957750
295,684,913.332650
295,1388,702.537800
295,1830,983.433650
296,662,312.364400
296,821,299.850900
296,1357,360.722650
296,1836,268.891700
296,2129,305.862800
296,2389,370.081900
297,1348,613.096950
297,2011,622.790450
297,2196,681.156900
297,2361,539.295700
298,452,373.751800
298,1497,368.535950
299,1704,822.859550
299,1904,813.678750
300,1304,488.710950
301,2278,1086.673550
302,2513,935.172600
303,1163,339.209450
304,1294,537.452750
304,2018,530.443650
305,1738,772.729900
305,1932,888.873400
305,2409,455.980700
305,2488,856.539050
306,1116,429.394850
308,1372,898.933200
309,748,586.298200
309,1519,464.426350
309,2041,658.788600
309,2584,578.678800
310,532,566.427150
310,991,109.866150
310,1462,132.356900
310,2666,71.426700
310,2769,78.383300
311,1367,218.692900
312,391,743.705500
313,397,523.288950
313,767,385.878000
313,830,784.235150
314,1580,419.548950
314,1728,277.567600
315,475,136.934000
316,358,803.262150
316,909,808.397150
316,1773,883.874100
316,1776,753.120550
316,1881,727.551050
316,2415,704.356450
316,2494,741.725600
316,2528,853.111550
317,1976,989.665900
318,1878,440.933100
318,2667,346.612100
319,1401,403.129800
319,2182,451.561150
319,2582,524.603600
320,1533,996.435400
320,1540,999.693200
321,2052,783.003100
321,2588,771.285550
322,395,728.153450
322,1452,532.676350
322,2018,494.189750
322,2239,522.625300
322,2748,483.288200
323,614,937.446150
324,755,583.228200
324,1259,549.894600
324,1545,440.866500
324,1628,636.321300
325,853,527.561450
325,2610,291.325450
326,777,827.812600
326,1131,725.459700
326,1188,1165.816500
326,1323,676.392300
326,1763,899.582100
326,1811,785.768150
326,2378,686.878600
326,2462,701.167100
326,2671,698.601650
327,757,468.442000
327,1157,413.691400
328,1475,362.683150
328,1930,383.031500
329,626,958.349850
330,775,927.563300
331,765,485.971250
331,1126,520.254500
331,1754,564.722100
331,1926,429.720700
332,2578,277.678400
333,587,367.458150
333,1585,348.383900
333,2596,270.684050
334,1144,846.234550
334,1477,946.446300
335,500,885.969650
335,1915,945.118300
336,953,254.316400
336,1017,61.639100
337,505,1007.407800
337,513,703.332700
337,549,527.593900
337,584,829.666300
337,699,646.020000
337,928,838.349600
337,929,899.004150
337,985,581.720550
337,1054,666.298200
337,1060,734.482050
337,1187,887.059400
337,1198,864.453500
337,1230,745.812500
337,1256,615.088600
337,1388,648.444350
337,1418,676.335550
337,1419,777.436600
337,1460,726.335600
337,1891,633.110700
337,2233,682.365500
337,2259,555.688850
337,2415,527.649100
337,2551,548.989900
337,2559,636.402500
337,2597,1175.761850
337,2671,643.431150
337,2725,650.601650
338,1212,432.039050
339,2641,777.835800
340,2641,928.604800
341,354,822.046800
341,423,772.545900
341,793,705.576700
341,1131,574.244900
341,1687,789.165300
341,1823,955.629050
341,1969,791.487700
341,2430,751.543350
341,2473,821.486150
341,2567,908.919900
341,2624,788.118200
341,2665,739.196350
342,1594,907.832900
343,1132,465.949600
343,1729,385.294100
343,2469,566.448300
344,1653,636.010350
344,2356,791.270800
345,673,761.455350
345,2631,192.712750
346,720,617.591450
346,1301,344.053700
346,1443,828.612000
346,1898,368.494300
346,2171,603.231700
347,1154,432.265250
347,1390,1010.897400
347,1677,846.526800
347,2011,580.178850
348,1127,777.625750
349,610,841.734800
349,1026,924.971350
349,1028,818.618150
349,1130,934.646150
349,1847,813.837900
349,2312,990.311550
349,2403,934.762000
349,2493,977.471450
349,2533,1150.272500
349,2592,751.625600
349,2656,807.583500
350,547,1099.695750
351,467,879.665250
351,1696,766.960100
351,2539,1129.445650
352,1520,791.184700
352,2452,41.907500
353,2079,475.628700
353,2195,432.235050
354,2460,742.979550
355,1314,1206.916500
357,964,483.549650
358,1511,598.661500
358,2592,786.658950
359,727,751.720150
359,795,736.594750
359,1423,728.191750
359,2271,654.626250
359,2641,699.892950
360,1969,931.067750
360,2611,933.097500
361,2429,1064.747700
362,673,812.883100
363,1140,623.286550
364,527,387.201600
364,624,391.535400
364,2626,354.891550
365,1054,765.061300
365,1802,826.722900
365,1855,891.373300
365,2072,774.807950
365,2138,696.678150
365,2390,736.598750
365,2473,735.945550
366,626,859.775350
366,758,1000.718550
366,915,982.745800
366,1559,852.572300
366,2130,987.057600
368,391,767.545200
368,828,807.122800
368,2125,834.632850
368,2611,800.564900
369,599,517.750650
369,2602,530.534900
370,829,27.316200
371,1949,799.067250
372,921,352.581450
372,1815,279.107600
373,827,907.801350
373,1236,564.683650
374,1228,244.884400
375,1268,632.451600
375,1748,185.257200
376,531,516.173550
376,1140,589.577900
377,601,1145.285550
378,2354,304.441700
378,2540,338.015400
379,2185,342.347850
380,622,896.479900
380,1038,911.782500
380,1816,889.639700
381,556,741.101250
381,782,297.801850
381,1440,557.025600
381,1725,332.618500
381,1783,294.672300
381,2099,128.701300
381,2163,154.675750
381,2659,571.352900
382,822,763.315300
382,1327,549.913700
382,2340,527.575400
383,1824,941.822450
384,677,590.434900
384,1514,493.278450
384,2377,247.772400
385,2019,629.163400
385,2382,385.089800
385,2520,317.004550
385,2583,409.429000
386,2051,893.657800
386,2370,949.566200
388,1509,358.839100
388,1909,230.740700
389,610,818.851350
389,854,865.213000
389,1251,965.741900
389,1292,769.586250
389,1429,936.562450
389,1511,677.601000
389,1553,854.246650
389,2551,834.111650
390,416,1072.290450
390,1324,459.397300
390,1395,995.185150
391,448,774.177150
391,580,1035.354050
391,614,651.080100
391,657,923.641300
391,668,680.497700
391,682,891.023000
391,892,713.804900
391,1204,749.093700
391,1611,926.962600
391,1639,781.618650
391,1821,828.447100
391,1838,799.601300
391,1848,1015.471600
391,1881,722.098400
391,2232,835.106700
391,2259,606.661000
391,2286,945.149300
391,2338,1287.154200
391,2391,871.596850
391,2612,687.919700
392,653,779.964400
392,1430,763.966200
392,1496,836.607400
392,1653,617.282950
392,2607,742.453650
392,2658,1024.769300
393,1461,877.747950
394,775,684.545100
394,1347,762.516050
394,1520,663.449450
394,2139,560.151950
394,2385,698.967300
395,926,745.386200
396,843,888.922150
397,2095,193.119950
398,549,980.370350
399,2447,423.785700
400,543,517.958650
400,849,501.344750
400,872,585.640750
400,908,388.862500
400,1080,982.307150
400,1916,297.328050
400,1925,477.814450
400,1981,438.204050
400,2517,1072.827800
400,2721,233.163700
400,2742,496.351000
401,975,272.041650
401,976,436.775050
402,642,157.713100
402,1770,770.637850
402,2388,334.419750
402,2740,307.689400
403,1163,85.793900
404,1299,1104.189550
405,882,437.260550
405,1384,948.341050
406,596,166.277800
406,695,594.231850
407,1861,477.215700
407,2398,378.100000
408,687,868.967800
408,995,736.021700
408,1127,767.000450
408,2656,724.202750
410,1228,252.641750
411,1696,1002.758100
412,1024,650.782950
412,2471,432.678150
412,2651,679.001700
413,2226,852.341450
414,642,632.805350
414,843,412.157450
414,874,643.202250
414,1031,958.314800
414,1091,700.092050
414,1194,655.202150
415,2149,535.790800
416,1554,954.106400
416,2378,925.602900
417,987,255.105700
417,1609,158.446550
418,707,489.309500
418,1062,918.866750
418,2285,523.906400
419,877,828.634450
419,2534,238.826600
420,1629,388.006250
420,1753,440.225400
420,2163,233.520150
421,496,805.584350
421,730,779.291050
421,798,826.256300
421,1147,841.146550
421,1540,763.593400
421,1829,1002.038750
421,1837,1212.562600
421,1938,1173.767650
421,2422,658.539750
421,2434,747.189300
421,2671,633.886900
421,2690,706.281250
421,2707,751.941750
422,2615,837.294700
424,892,914.863950
424,1504,884.455750
424,1973,884.884150
424,2080,854.702900
424,2642,908.597100
425,615,797.378950
425,1263,710.502050
425,1347,674.563700
425,1515,626.363850
426,712,960.828200
427,549,688.700700
427,712,691.098150
427,760,795.436650
427,1061,999.060850
427,1097,951.150250
427,1114,1081.359200
427,1159,707.694700
427,1253,755.322300
427,1478,1251.003600
427,1520,684.699200
427,1581,768.753300
427,1650,1019.611700
427,1653,618.331950
427,2199,757.132950
428,2706,937.904150
429,1212,573.988100
429,2448,560.980150
430,741,864.220200
430,1130,900.379900
430,1323,878.081300
430,2133,896.129150
431,897,957.745800
432,2586,346.816600
433,443,697.556400
433,1156,591.862450
433,2322,618.801750
434,1707,1074.302300
435,489,1118.281500
436,493,909.206600
437,1540,1251.974750
438,789,549.654050
439,2094,713.375600
440,964,431.708200
440,2574,209.522400
441,1686,410.218050
441,2520,448.131600
442,490,788.737950
443,614,709.972800
443,1290,797.777500
443,1385,951.458150
443,1655,1045.704800
443,1918,788.282850
443,2713,775.451800
444,1054,765.306950
445,459,480.241850
445,612,657.794500
446,2463,836.843550
447,775,869.792000
448,762,894.810700
448,1246,1250.114300
449,730,1003.134350
449,1958,412.544200
450,712,923.567550
451,907,1063.023600
452,931,307.007250
452,1227,260.707000
452,1827,377.188200
452,1937,653.418350
452,2009,380.444200
452,2195,269.018700
452,2530,472.194050
453,1069,676.460750
453,1406,774.810350
454,614,716.514750
454,699,675.547500
455,2071,907.023900
455,2420,915.018100
455,2613,854.515350
456,1182,447.454250
456,1731,434.775050
457,2725,900.031850
458,1073,405.152950
459,695,315.607050
460,2004,421.669600
460,2201,424.440100
460,2648,402.757550
461,2671,1282.699000
462,803,802.725150
462,827,821.540950
464,776,899.170450
465,500,781.930750
466,2251,560.982200
467,1469,706.526800
467,2481,625.855550
467,2526,807.878200
467,2650,415.288000
468,894,783.110900
468,1430,773.163900
468,1717,718.180250
468,1928,628.307800
468,2014,707.734300
468,2497,695.074550
469,489,1244.090650
470,1516,635.583050
470,1880,318.148700
470,2210,337.161800
471,592,433.924400
471,1414,237.939800
472,673,729.047100
472,726,338.827500
472,983,336.611600
472,1089,762.507200
472,1364,599.934900
472,1697,687.332150
472,1925,623.801500
472,2329,492.745600
472,2463,707.761050
473,499,890.363800
473,1007,731.897250
473,1166,974.015550
473,1891,689.939350
473,2379,962.534750
474,1894,322.716000
474,2200,268.698700
474,2238,384.964200
474,2382,283.779800
475,480,430.527150
475,540,379.242650
475,592,246.012900
475,976,329.160900
476,1833,124.096500
476,1881,754.106800
476,2568,529.344800
477,1258,655.669350
477,1411,292.096200
478,2422,769.553650
478,2559,694.640950
479,513,741.028550
479,775,710.700250
479,1096,1111.090000
481,826,825.957500
481,1626,766.062500
482,775,788.157900
483,486,844.353800
483,1579,847.597950
483,2233,822.362450
484,1179,371.712650
484,1745,366.152300
485,1925,785.153600
485,1975,457.262700
486,940,836.846150
486,1166,692.430650
487,1035,1004.754650
488,1761,721.757150
489,628,1097.932200
489,713,848.279650
489,876,704.046750
489,1007,704.799300
489,1159,676.405500
489,1170,1008.042650
489,1290,750.194500
489,1312,975.637050
489,1469,761.830700
489,1567,935.115450
489,1763,860.527850
489,1822,774.503600
489,1872,742.970000
489,2046,943.205750
489,2170,695.608200
489,2176,707.738150
489,2259,643.033300
489,2296,637.531300
489,2422,749.280650
489,2427,809.969650
489,2476,850.127100
489,2483,1020.426900
489,2532,757.161850
489,2607,736.321200
489,2612,646.151600
489,2696,968.586750
489,2701,732.175600
490,509,458.745150
490,610,813.706850
490,616,1057.742500
490,635,904.713800
490,658,786.928350
490,665,887.250850
490,699,557.442700
490,784,967.211050
490,833,1034.771500
490,858,934.089050
490,934,1084.772350
490,1016,1017.130650
490,1094,829.437100
490,1127,697.142200
490,1139,791.144100
490,1225,1117.671750
490,1282,744.320650
490,1379,845.627050
490,1439,745.612550
490,1482,750.463450
490,1702,966.982550
490,1719,900.075850
490,1720,1099.454500
490,1755,891.031650
490,1778,793.621300
490,1820,883.216050
490,1828,990.501950
490,1852,985.449450
490,1858,914.073500
490,1862,787.595400
490,1956,1136.065400
490,2072,788.301500
490,2116,954.152550
490,2170,577.833500
490,2192,640.864150
490,2261,761.135100
490,2267,986.084100
490,2293,898.604350
490,2306,856.017400
490,2317,1028.356450
490,2429,693.225950
490,2498,976.869350
490,2503,968.750750
490,2505,1092.312700
490,2551,653.134250
490,2566,811.457500
490,2570,1014.185250
490,2592,699.986050
490,2604,706.061200
490,2663,800.820100
490,2683,932.407350
490,2725,686.238400
490,2768,916.061550
491,988,156.242000
491,2237,467.383000
491,2369,405.098950
491,2487,280.959950
492,614,693.899300
493,1255,905.467550
493,1668,965.894300
493,2114,901.342550
493,2577,869.365050
494,768,920.150000
494,892,880.061550
494,1224,867.881250
494,2305,876.448850
495,2551,855.003100
497,2462,861.416950
498,627,272.586750
499,588,864.393900
499,954,1361.360250
499,1049,915.133250
499,1208,812.837850
499,1971,1057.007900
499,2154,850.331350
499,2278,904.609400
499,2296,800.057000
499,2429,849.058550
499,2438,916.002600
499,2558,1004.998950
500,815,895.955650
500,1054,716.895300
500,1100,722.703500
500,1150,833.181850
500,2406,935.275100
501,1123,659.907600
501,1509,594.318300
501,2171,604.629600
501,2404,419.190850
502,982,75.318100
502,1546,261.049300
503,1833,567.113050
504,1127,1099.225600
506,1461,737.588650
506,2353,733.036250
507,653,283.688000
507,884,657.972900
507,1771,463.232900
507,1909,337.237850
507,2011,553.904100
507,2621,367.679300
508,1511,857.478650
509,823,894.264000
509,927,867.292950
509,1511,806.593650
509,2265,773.645650
509,2392,868.832300
510,986,523.728100
511,1165,302.062500
511,1633,311.654450
511,2159,513.070000
512,1686,241.138900
513,1495,717.167100
514,2496,525.263650
515,1156,417.278800
517,789,620.063600
517,1194,709.700650
518,781,340.543500
518,1075,584.212150
518,1543,249.563500
518,2083,351.476700
518,2739,393.098800
519,1676,902.070650
519,1965,1091.058800
520,2095,461.853150
520,2444,422.295250
520,2733,581.369850
522,1054,755.231100
522,2367,745.540450
522,2599,687.069100
522,2757,752.512150
523,1440,451.899050
523,2520,376.650350
524,2718,431.968100
525,539,468.746150
525,674,520.902700
525,778,349.084000
525,1471,513.419750
525,1628,643.707200
526,549,754.421850
526,2612,781.598500
527,700,372.353800
528,918,1005.111250
528,1115,870.480400
528,1394,831.050150
529,2129,378.289850
530,976,368.253900
530,1254,374.633100
531,1601,624.576050
531,1949,328.860350
531,2573,575.660300
532,1421,392.133800
533,942,683.425000
533,1697,679.114350
533,2541,615.497300
534,1333,755.728300
534,1430,759.073200
534,2671,739.366100
535,1466,957.424300
536,830,697.189750
536,1054,726.800650
536,1250,904.107800
536,1313,725.391500
536,2763,712.997250
537,1340,847.958550
537,1788,857.200200
537,2291,867.838700
538,696,452.040100
539,1010,1125.472550
539,1735,836.085450
539,1925,486.873450
540,813,776.275850
540,2156,510.301400
541,1495,1036.695350
542,2340,539.413450
543,1861,39.258900
543,2673,524.287850
544,1107,515.817150
544,1243,430.719500
544,1494,403.328100
545,1845,562.664100
545,2186,400.370450
545,2512,646.643000
546,2134,893.939900
547,1259,432.864300
547,1582,470.598800
547,2287,509.824600
548,631,542.239500
548,1603,673.636100
548,2006,454.890250
548,2023,376.038800
548,2651,531.995950
549,552,707.154200
549,648,764.563900
549,722,700.849000
549,793,685.639250
549,876,821.149350
549,1336,1008.773400
549,1632,902.037500
549,1749,739.498700
549,1920,740.481650
549,2036,718.467200
549,2217,795.786600
549,2252,758.587000
549,2381,675.046850
549,2387,736.202950
549,2462,694.343350
549,2713,741.829400
550,1060,728.498050
550,1788,764.229700
550,2587,761.419100
551,816,804.547800
552,1388,681.622650
552,1593,823.563350
552,1760,1049.630550
552,1762,784.086700
552,2656,749.203950
553,1024,686.124650
553,1585,545.899850
554,649,863.427700
554,671,928.233050
554,793,939.830350
554,990,954.860300
554,1886,907.329150
554,2524,895.717800
555,1695,436.516000
557,579,232.557350
559,1609,916.859850
559,1864,310.794400
560,2589,1147.984050
561,1294,392.600050
562,1556,376.483800
563,935,666.804650
563,2082,500.105950
563,2289,332.171400
563,2322,581.040900
563,2645,490.755750
564,1910,374.220400
565,970,584.373500
566,1692,137.987900
567,907,1066.264300
567,1802,1090.647250
568,2207,446.391400
568,2469,345.004200
568,2552,599.947000
569,1587,794.534950
569,1969,802.041850
570,1516,188.535250
571,1206,400.635800
572,797,582.091050
572,1182,644.188250
572,1520,565.903850
572,1564,515.112300
572,1676,538.779600
572,1891,692.553900
572,1985,568.694700
572,2018,504.135600
572,2114,754.903300
572,2239,520.376350
572,2350,544.048200
572,2468,605.456800
572,2767,579.587150
573,1066,411.081950
574,1451,765.314550
574,1676,773.848500
575,2608,1140.402400
576,2698,279.988600
577,1717,906.304900
578,639,343.966300
578,678,582.125350
578,1468,362.590700
578,1931,249.030300
578,2625,435.633700
579,883,349.521700
581,2656,853.140900
582,2184,507.919750
582,2766,461.288250
583,1653,904.572750
585,2656,1003.480950
586,2191,599.967000
587,2083,370.215350
587,2129,297.953400
587,2739,337.708500
588,653,868.735750
588,808,719.724350
588,832,857.439950
588,893,856.431450
588,1046,867.145900
588,1095,986.805550
588,1200,1057.906550
588,1622,914.260800
588,1755,873.134300
588,1817,1059.857200
588,2104,883.387850
588,2594,974.863250
590,1681,671.883750
591,1268,841.877650
592,1088,595.275650
592,1635,478.287050
592,1771,276.798450
592,2136,359.571800
592,2584,431.333500
593,1788,641.256350
593,2107,793.512100
594,1114,1076.591250
594,1932,999.205250
595,637,582.510150
596,2363,425.222150
597,1909,377.353000
598,834,484.296350
598,1522,511.043200
598,1714,413.683200
598,2638,577.105800
599,849,362.834850
599,1993,439.043450
599,2185,456.158400
600,2429,989.592000
601,621,780.207200
601,626,743.439450
601,649,850.595950
601,808,833.419800
601,817,933.768150
601,832,818.064150
601,860,978.686850
601,893,778.339150
601,918,952.010800
601,998,1289.924400
601,1018,850.323450
601,1019,812.274650
601,1174,834.323400
601,1658,856.184900
601,1886,860.042650
601,1911,798.630100
601,1970,914.435500
601,2060,914.261350
601,2080,890.139450
601,2379,913.421450
601,2542,964.584200
601,2544,898.749100
601,2556,1025.597800
602,1378,1007.579000
603,2484,326.752100
604,1307,489.452950
604,2543,89.873500
605,1115,822.522750
605,1133,1057.580950
605,1752,806.436700
605,1925,434.027050
605,2561,999.835600
605,2595,282.249950
607,738,355.009700
607,941,86.338200
607,1234,458.648450
607,2758,296.260000
608,971,575.913350
609,1054,1230.730050
611,1054,725.729900
612,1445,466.015550
612,1606,143.870000
612,2520,478.067650
613,1116,167.417050
613,1694,300.536100
614,826,685.850050
614,881,1184.510800
614,1007,709.590800
614,1479,901.650000
614,1520,670.267950
614,1610,1054.952500
614,1653,689.403300
614,1879,759.738400
614,2170,694.273300
614,2176,699.108700
614,2261,758.621150
614,2409,625.658800
614,2415,636.488250
614,2429,748.444300
614,2532,683.102150
614,2708,1472.915900
615,846,608.211200
615,1493,419.706900
615,1718,361.234300
615,2199,442.195300
615,2647,455.585250
615,2746,240.460100
617,1574,58.589900
617,1731,325.709100
618,1355,835.866650
618,1778,895.021050
618,2281,1031.615850
618,2551,914.466150
619,725,361.849000
619,853,355.019150
619,1387,731.640250
620,672,214.319600
620,733,216.262150
620,1546,154.896700
620,2162,249.896200
620,2728,283.091900
620,2743,225.347900
621,1295,939.771650
621,1559,826.387750
621,1567,971.792800
621,1872,954.810150
622,2370,860.028650
623,2633,1072.734750
624,1440,276.873600
624,1532,591.522900
624,1894,153.977600
625,1695,599.540600
625,1832,428.241100
625,2458,546.393200
626,769,965.512500
626,798,934.678350
626,978,888.305900
626,1115,794.216200
626,1119,789.515300
626,1932,794.682950
626,1959,822.593900
626,2046,942.713600
626,2123,850.232350
626,2409,839.757350
626,2433,941.394250
626,2486,882.612050
626,2501,1060.577700
626,2630,956.347250
627,642,240.574600
627,1621,292.372600
629,712,982.469750
630,1115,1044.983500
631,1413,617.797400
632,1127,780.620550
633,649,917.707500
633,1649,1017.991650
633,1795,898.835300
633,2231,319.990100
633,2706,918.064400
634,1734,818.774250
636,1303,1059.880250
636,1423,851.390650
636,2271,880.519450
637,1344,425.143000
637,2223,593.187500
638,816,809.322500
638,2253,1284.529400
638,2407,917.825000
639,1416,592.081400
639,1597,780.401850
639,1784,337.228050
639,2279,567.708650
639,2414,615.577000
639,2446,580.882750
640,2604,853.867050
641,1592,601.804500
642,1012,468.185950
642,1231,163.096100
642,1994,655.975700
642,2284,583.755950
642,2354,642.764400
643,1122,413.459500
643,1617,528.372950
643,1979,323.515250
643,2273,558.854050
643,2393,372.544200
644,1459,978.023900
644,1464,891.189800
645,1445,713.430950
646,1600,182.567450
646,2142,483.993400
647,719,321.497000
647,1456,724.983050
647,1699,374.105750
648,2575,814.869000
649,892,812.021100
649,1221,784.842800
649,2559,849.697550
650,2382,317.054200
651,1171,337.161250
651,2748,395.997500
652,739,465.974650
652,2311,630.831250
652,2718,418.618900
653,1783,451.064900
653,2422,707.701650
653,2676,392.811900
654,2309,1012.314200
655,2443,290.992200
656,679,240.007400
658,1323,767.395400
658,2467,873.199800
659,1892,388.784600
659,2157,412.131400
659,2764,455.153700
660,798,916.708800
660,1915,877.370700
660,2532,840.177700
660,2742,801.939000
664,797,788.220000
665,990,906.481950
666,1019,866.108950
666,1339,870.751750
667,1017,56.198800
668,2003,913.499350
668,2026,1165.632950
669,712,908.668500
670,1321,852.110300
671,2448,895.509350
671,2696,1032.281600
673,1393,702.329500
673,1807,777.107700
673,2656,743.332850
674,2179,474.976750
674,2660,270.663450
675,1126,505.697500
676,2145,422.103850
676,2414,693.852600
677,1906,593.060750
678,995,580.417950
678,2279,318.684700
678,2399,504.678100
678,2733,579.433950
679,765,520.033150
679,867,366.788600
679,1516,476.104350
679,1721,513.078850
679,2511,613.631550
679,2757,346.565500
680,973,396.708750
680,983,644.658200
681,1430,750.538600
681,1901,682.742400
681,2111,626.921950
683,1730,371.362750
684,2577,848.142400
685,1633,530.796750
686,986,595.674250
686,1110,596.572650
686,1637,678.393300
686,2496,575.009850
686,2758,426.916800
687,1500,954.342600
688,1591,504.861750
688,2018,502.878100
689,2479,208.303300
690,1922,1197.216750
691,2216,340.397700
691,2612,947.915250
692,1228,592.129700
693,2604,808.576900
694,1163,456.161550
695,1219,607.641100
695,1268,404.418100
695,1433,515.123850
696,1537,577.275850
696,1860,308.989550
696,1899,337.166800
697,1014,207.054000
697,1179,642.622000
698,2409,884.924500
698,2615,838.828050
699,958,948.737700
699,1028,825.338250
699,1337,631.018600
699,1641,685.272550
699,1653,690.268200
699,1847,797.032550
699,1965,840.743750
699,2061,1092.418050
699,2154,735.145150
699,2248,794.873350
699,2424,713.859150
699,2760,973.198500
700,908,32.178600
701,2223,192.936000
702,1281,301.174250
702,1532,276.564950
704,1228,819.370700
705,1100,738.246150
705,2353,767.976150
705,2701,791.122950
706,2461,350.621200
707,782,608.939800
707,862,470.365300
707,1238,1041.552700
707,1960,458.270950
708,738,386.823300
709,1059,841.865000
709,1615,372.844900
709,1985,545.913350
709,2361,586.923450
710,2024,774.353100
711,885,1036.446550
711,1353,770.314550
712,775,693.705600
712,818,881.997650
712,1127,674.264700
712,1289,694.541900
712,1696,774.027750
712,1843,829.803700
712,2102,696.723900
712,2125,808.137000
712,2486,1004.889050
712,2536,715.151000
712,2615,692.747750
712,2671,605.983900
714,2415,1004.273950
715,1094,868.128950
716,1925,738.559800
717,1591,505.386400
717,2287,338.791150
718,737,329.841900
718,1212,439.434850
718,1445,394.096300
718,1664,523.598900
719,805,459.365850
719,1341,396.852400
719,1794,367.510400
719,2021,356.813550
719,2073,363.722150
719,2193,259.465200
719,2343,229.177000
719,2366,327.367800
719,2369,393.469900
719,2417,332.980000
719,2479,332.251800
720,1867,242.001650
721,2671,988.399700
723,2356,962.544450
724,1435,64.394700
724,1811,758.643000
725,747,542.671550
725,1777,506.169300
727,1118,1052.541100
727,1973,753.564850
727,2486,920.748600
728,2342,563.039650
729,2121,245.455250
729,2382,260.971550
731,1316,140.185100
732,1388,695.963150
732,1418,700.762500
732,1588,852.507000
732,1895,824.947150
732,2551,688.624450
734,1115,914.085800
734,1174,888.647200
734,2080,744.377700
734,2544,893.883050
735,882,171.320350
735,1005,145.230300
736,1881,1017.816950
739,849,468.556950
739,1314,244.417700
739,1566,392.298950
739,1781,440.704500
739,2398,193.334800
740,1969,906.682650
741,1717,865.857300
743,1559,732.087250
743,1816,871.120500
743,1842,883.331350
744,2121,226.387750
745,965,577.747650
745,2706,1042.846150
746,1261,871.536500
746,1696,876.312500
746,2167,1195.562350
746,2168,1044.700900
746,2397,954.208100
746,2556,1019.387800
746,2677,982.646350
748,1262,506.441500
748,1444,375.360550
748,2171,463.445900
749,1141,938.565600
749,2346,868.198650
749,2433,856.123650
750,1638,511.377100
751,870,339.007350
751,1438,271.482900
751,1505,286.880000
751,2048,336.216350
752,1511,1222.609600
753,2551,755.544150
753,2648,740.833700
754,789,513.243200
754,1194,649.773350
754,1350,667.791650
754,1659,261.590600
755,1365,345.860650
755,1644,335.143700
755,1909,305.852750
755,1982,382.434250
756,2121,319.730050
757,1298,268.896650
758,860,943.098950
758,1317,1026.521150
758,2221,996.453550
758,2706,785.069000
759,1116,263.397400
760,1054,767.496700
760,1158,849.558100
761,1163,298.398950
761,1893,320.276700
762,1760,1057.117800
763,1413,445.148350
763,1994,707.339800
764,1976,1022.940650
765,2446,516.049900
765,2750,326.269050
766,1019,1067.265550
767,2421,820.084350
768,958,938.439550
768,2307,1002.250350
770,1546,202.403250
771,1035,947.418550
772,2333,289.269400
773,1882,895.256650
773,2513,909.122050
774,2532,965.123650
775,832,917.756250
775,848,949.693950
775,1310,1020.213050
775,1372,677.458650
775,1717,710.223150
775,1722,970.466450
775,1742,753.728600
775,2036,778.990900
775,2656,693.296750
775,2732,822.306600
776,1060,799.366850
776,2604,767.273950
776,2703,824.340900
778,1071,210.584800
778,1101,184.506400
778,1546,172.746850
778,2735,123.058400
779,1717,872.809600
780,1729,303.714950
780,2228,247.452150
780,2679,500.644000
782,1206,240.027400
782,1532,479.508200
783,1600,343.704350
784,1965,970.835500
785,877,395.323500
785,920,782.196400
785,2534,819.865350
786,873,278.415300
786,1202,131.956700
786,2041,358.449650
786,2750,597.393950
787,1894,350.671650
787,2093,170.780300
788,2532,859.313000
789,942,679.755450
789,1313,613.208800
789,1766,207.524650
789,2075,366.610700
789,2295,267.557100
790,1101,238.462800
791,1094,937.897450
792,1129,590.068950
792,1268,458.087150
792,1501,451.811850
792,1981,497.512200
792,2350,569.900200
792,2436,616.204350
792,2557,333.520100
792,2755,309.148850
793,922,714.812500
793,1125,806.346150
793,1425,682.840250
793,1581,755.695150
793,2138,783.917500
793,2189,752.796000
793,2741,824.131400
794,1812,325.419250
794,2747,368.478050
796,2461,682.865200
798,1261,919.622450
798,1340,963.661750
798,1384,863.604700
799,2706,824.696500
801,2612,942.822500
802,1382,951.332700
803,1806,995.529850
803,2074,545.061000
803,2695,698.588700
803,2753,601.349100
803,2755,292.240600
804,1094,907.828350
804,1340,871.189650
805,1957,657.495850
806,1668,879.005950
807,1418,920.907550
808,1115,843.730850
808,1643,950.857250
808,2135,897.349350
809,2429,846.300150
810,907,994.557800
810,1736,710.064550
810,1856,835.529800
810,1882,579.355650
810,2510,819.373850
811,2346,1010.503400
812,1157,373.787850
812,2243,313.774150
814,2394,607.720250
814,2712,530.296250
816,892,727.881250
816,1060,617.252650
816,1682,679.372800
816,1991,719.022900
816,2012,878.734650
816,2383,819.974350
816,2441,1100.966300
816,2641,712.893750
817,1109,962.867050
818,1180,873.291950
818,2499,881.544250
819,1924,607.972350
820,1296,307.176550
821,1022,532.721850
822,1065,803.539800
822,2015,657.913250
822,2335,135.811400
822,2652,232.565900
824,1173,539.960000
824,2157,350.331250
825,868,1097.618000
825,1652,905.495600
825,1925,413.933050
825,2100,868.451450
825,2348,563.198900
825,2434,770.140700
825,2701,740.171050
826,1317,976.730550
826,1962,293.487700
826,2094,712.658150
826,2682,558.720600
827,985,805.515200
827,1393,757.893300
827,2523,808.299250
827,2590,781.595750
827,2591,783.699700
828,1131,703.371600
828,1144,769.074950
828,1306,801.531700
828,1746,712.906300
828,1944,698.377450
828,2076,863.720250
828,2138,776.216600
828,2381,730.404000
828,2420,792.565750
828,2497,693.069850
829,2443,254.470050
830,1263,757.983650
830,1347,743.642400
830,1645,770.036700
830,2421,546.836900
831,2698,256.855100
832,1295,939.346350
832,1795,878.351850
834,2272,467.645150
834,2393,603.070050
835,1475,418.152850
836,1568,1078.090600
837,2526,834.490650
838,1261,943.461350
838,1562,1011.424250
839,1248,448.688350
839,2385,592.945000
840,1185,142.100400
842,938,450.782800
842,1887,621.034050
842,2399,339.573500
843,983,705.437100
843,1515,652.252750
843,2342,748.345400
844,1182,588.990550
845,1243,342.755900
845,1494,294.089000
845,2075,732.993750
845,2685,277.840200
846,938,261.682100
847,2269,1139.686000
849,864,506.811250
849,1111,406.132450
849,1262,365.581650
849,1268,482.354650
849,1648,499.948350
849,1929,191.303900
849,2711,545.823500
849,2748,269.721600
850,1184,320.517850
850,2373,358.875700
851,1544,810.703250
851,1773,891.095900
851,2656,807.324750
854,1062,916.430550
854,1476,1021.232350
854,2315,923.487300
854,2346,797.278500
854,2467,908.802650
854,2669,853.594150
855,976,200.111350
855,1066,96.425600
855,1739,538.728950
856,2462,870.338200
857,2343,277.509700
859,2028,1004.599750
860,2413,1027.312700
861,1921,970.005000
861,2653,157.531300
862,1319,469.049100
862,2205,429.326250
862,2691,439.143050
863,1626,545.531100
863,1656,829.078400
865,2298,837.257850
866,1243,375.819300
866,1978,678.578600
867,2516,239.644800
869,1373,538.941500
869,2246,216.346100
869,2297,275.978450
869,2715,250.356150
870,1606,493.479050
871,1430,807.437450
872,1731,353.170400
874,1287,307.206750
874,1350,684.286850
874,1651,591.841850
874,2011,781.247400
875,1054,868.398200
876,1049,858.363800
877,2215,698.805950
877,2731,912.088450
878,2703,932.734700
879,1090,590.626850
879,1321,864.411900
879,1328,545.906750
879,1786,445.352300
879,1902,556.880850
879,1909,340.589000
879,2018,363.440450
879,2461,363.376750
879,2676,380.519550
882,1435,847.880150
882,1540,767.264500
882,2248,752.510750
882,2555,829.419200
883,1665,538.737900
885,1889,901.254100
885,2017,843.276250
885,2717,967.722250
886,1250,951.488350
887,1366,315.291300
888,2532,1128.532300
889,2170,1031.634300
890,917,296.114350
890,1328,345.438850
890,1373,208.389750
890,1431,401.325300
890,1565,566.368600
891,2480,741.776750
891,2662,1024.000700
892,1463,1056.291600
892,2532,758.570500
893,2051,898.174950
894,1284,781.144100
894,1510,773.902450
894,2624,775.898250
895,2692,288.847750
895,2707,784.009100
896,1761,105.991400
897,1156,588.473250
897,1167,619.853650
897,1596,846.594500
897,1741,841.396700
897,2036,779.684750
897,2663,780.582800
898,2550,658.173450
899,1590,440.612100
900,913,775.177250
900,2354,824.124900
901,1110,367.302200
901,1665,696.406250
901,2150,345.759100
901,2210,600.508550
902,2073,371.184450
902,2369,418.926100
903,2514,874.661800
903,2656,793.355200
904,2352,311.678750
905,2443,587.170800
906,1641,717.976900
908,2520,281.364650
910,2380,280.961800
911,1883,862.561800
912,1312,1201.554000
913,1313,869.338200
914,1719,1365.235750
915,2663,971.529350
916,1023,67.037700
919,1505,234.913800
920,2585,824.578350
921,1041,306.861450
921,2316,600.540000
922,1323,726.447500
922,1717,736.271950
923,2241,526.647300
923,2455,527.328150
924,1784,299.850900
925,1922,1164.792000
926,2753,690.907150
927,1340,887.520450
928,2472,954.889550
929,2439,894.985650
930,1975,857.907700
930,2438,945.383000
930,2589,840.003500
931,988,481.535750
932,1069,538.666100
932,1648,561.851150
932,1730,320.526950
932,2175,197.374550
932,2471,396.050400
932,2653,556.611950
933,2127,498.675800
933,2586,228.451400
935,2058,581.416000
935,2564,1239.931500
936,1951,653.448850
937,1033,1083.456350
937,1702,479.968500
938,1240,612.934150
938,2210,625.893150
939,2389,342.521950
940,2233,652.428400
941,2292,105.522000
943,952,383.561550
943,1491,387.015550
943,1785,362.686550
944,1477,876.850650
944,2720,952.722550
945,1393,750.432200
945,1770,785.953500
946,2212,382.685650
947,2768,293.074850
948,1882,1090.141350
949,1804,951.872600
950,2671,1279.921450
951,988,369.322400
951,2443,492.570050
952,1197,294.441100
952,2118,320.347100
952,2195,488.186050
952,2449,383.715650
953,2103,687.988650
955,1639,1028.536350
956,1825,437.632950
958,1793,1153.437900
959,2098,410.021500
959,2105,599.391500
959,2151,398.176350
959,2511,628.632500
960,2331,1045.720250
960,2611,806.360350
961,2170,956.452700
962,1968,892.302450
962,2170,815.249950
963,1268,785.734900
964,983,645.428300
964,1350,691.542550
964,1526,629.127700
965,1454,1061.976000
967,1452,501.553650
967,1695,344.646700
968,1751,685.095000
968,1949,665.097500
968,2111,728.319200
969,1697,188.198900
970,1509,286.666250
970,1814,410.952550
970,1905,430.574550
970,2156,219.604600
970,2595,550.433450
971,1729,361.931900
971,2283,406.377900
972,1860,594.686250
972,2631,659.820800
973,1124,374.335700
973,2380,607.958950
974,1923,222.074700
974,1934,139.210350
975,1156,554.475250
976,1279,680.018600
976,2258,274.319200
977,1115,904.744500
977,1174,900.075950
978,1735,859.974550
979,1206,388.940650
979,2272,683.621650
979,2693,324.773600
980,1453,714.010100
981,1976,1156.055050
983,1671,632.095250
983,2499,711.460900
984,1864,805.062000
984,2111,919.888800
984,2274,830.445700
985,1208,746.118600
985,1520,666.018750
985,1954,1078.669650
988,2073,354.218000
989,2706,934.197700
990,2231,756.559000
990,2307,865.615950
990,2401,986.231750
990,2430,874.684200
990,2697,904.400450
991,1730,598.813100
992,1786,363.713600
994,1243,463.463400
996,2511,844.002050
997,1788,576.837600
997,2407,690.388350
997,2641,577.669750
999,1752,265.943700
1000,2604,823.351600
1001,1428,384.201100
1001,1473,523.656850
1001,1851,480.380800
1001,2693,420.418750
1003,1953,1056.467600
1003,2513,1060.311700
1004,1775,529.369250
1004,1950,505.984750
1004,2673,539.041600
1005,1035,831.201400
1005,1857,865.341550
1006,2463,797.327200
1007,1941,811.568100
1009,1687,1008.680400
1009,2170,1019.265200
1011,1717,1085.053200
1012,1320,751.126250
1012,2260,649.612800
1013,1014,377.178400
1013,1745,649.197900
1014,1387,671.804150
1014,1464,658.974150
1014,2198,642.672950
1015,2094,754.955000
1015,2599,769.370850
1018,1746,799.085400
1018,1847,820.423150
1018,2033,1020.174950
1018,2154,750.413650
1018,2309,793.034000
1018,2551,803.395550
1019,1070,1062.632900
1019,1396,904.418000
1019,2051,836.502100
1019,2326,1004.135800
1019,2370,849.385700
1020,1323,910.697250
1021,2707,997.658200
1023,1414,182.986750
1024,1437,412.970300
1024,1615,437.263500
1024,2410,642.997100
1024,2518,502.605600
1024,2691,551.548600
1025,2409,348.949550
1026,1915,980.472350
1026,2429,953.351700
1027,1120,699.313150
1027,1413,346.136650
1028,2249,812.293500
1029,2229,1081.285750
1030,1261,1021.568950
1032,1993,418.659900
1033,2589,1053.621050
1035,1241,1002.558300
1035,1619,873.804150
1035,1641,751.564500
1035,1798,1056.696550
1035,1799,1027.406950
1035,1847,838.461600
1035,1967,966.555850
1035,2336,888.017250
1035,2502,854.020000
1035,2707,780.504550
1035,2725,730.594800
1036,2602,410.522450
1037,2599,764.251050
1038,2370,830.077900
1039,1120,473.379600
1040,1602,239.896900
1040,2568,240.517750
1040,2576,264.736100
1041,1753,364.855400
1041,1909,271.339650
1041,1980,439.917600
1041,2163,401.030550
1042,1758,581.007350
1042,1955,567.384600
1044,2262,934.172300
1044,2401,957.872600
1044,2755,907.966050
1045,1896,668.604300
1046,1161,667.436200
1046,1812,404.769100
1047,2532,981.091500
1048,2356,906.018350
1049,1115,867.477850
1049,2147,942.501100
1050,2567,1008.519950
1052,1985,764.178250
1053,1224,755.255000
1053,1495,816.167700
1053,2318,773.940800
1053,2532,654.555400
1054,1177,999.949450
1054,1178,870.716650
1054,1393,572.167500
1054,1417,704.795050
1054,1520,606.837500
1054,1717,638.425700
1054,1724,897.194850
1054,1857,799.371950
1054,1868,995.911600
1054,2044,1219.223050
1054,2094,678.328650
1054,2189,747.499300
1054,2254,879.506700
1054,2269,761.918650
1054,2294,663.992900
1054,2353,708.889700
1054,2375,793.386250
1054,2450,863.913050
1054,2494,645.710450
1056,1156,712.382900
1056,1194,625.756150
1056,2065,590.784100
1056,2574,250.039550
1057,1256,704.797150
1058,1781,650.712500
1058,2609,352.115000
1060,1966,727.840850
1060,2107,801.507400
1062,1160,886.415550
1062,1477,925.699050
1063,1157,489.271850
1065,1194,717.115300
1065,2342,708.589700
1065,2432,573.189300
1066,1298,696.628050
1066,1947,634.717750
1067,2526,882.844150
1068,1464,410.643600
1069,1819,225.084950
1069,1925,515.909900
1072,2081,354.717950
1073,1572,494.685950
1074,1190,531.418800
1076,1259,535.045700
1076,1319,660.426750
1076,2373,507.511000
1077,1950,336.610850
1079,2332,704.502550
1079,2633,796.537450
1079,2646,741.537100
1081,1157,406.878300
1083,2056,879.531650
1083,2612,833.695200
1083,2614,1058.592900
1084,2417,497.911500
1084,2766,554.417950
1085,2671,1198.520750
1086,1440,256.290550
1087,2369,824.405550
1088,1145,321.311900
1089,1168,972.485500
1089,1335,575.305050
1089,2278,773.218650
1090,1571,364.666100
1090,1825,360.913900
1092,1601,468.016300
1092,1765,564.784400
1093,1174,917.391600
1094,1599,1044.860650
1094,1847,781.539900
1094,1911,898.738850
1094,1973,783.695600
1094,1995,899.696000
1094,2532,739.603850
1094,2641,812.789150
1094,2702,994.166550
1095,1261,958.498900
1095,1953,1025.719400
1098,1337,705.132550
1098,1359,932.201050
1098,2383,792.768100
1098,2604,800.728200
1099,1581,1031.801850
1100,2656,672.658850
1102,2733,726.814950
1105,2513,1044.756650
1106,1787,1074.806600
1106,1816,902.989600
1106,1873,862.437500
1106,2051,876.020600
1106,2589,883.653900
1107,2109,325.075300
1108,2233,929.403200
1109,1988,679.281150
1109,2024,642.352450
1109,2064,567.027000
1109,2580,667.587150
1110,2584,573.960250
1111,1153,448.213900
1111,1278,571.288200
1111,1880,344.647000
1111,2159,459.300200
1111,2627,425.868500
1112,1203,301.564650
1112,2634,375.012450
1113,1573,473.068950
1113,1607,367.657000
1113,2519,830.395350
1115,1209,884.827950
1115,1237,846.774950
1115,1277,1117.666550
1115,1280,999.092600
1115,1292,685.629150
1115,1511,701.396850
1115,1544,770.874350
1115,1599,1031.222550
1115,1605,1004.825400
1115,1847,727.524650
1115,1850,1075.016500
1115,1927,775.123750
1115,1973,776.129950
1115,1995,879.710150
1115,2090,839.654450
1115,2122,777.654250
1115,2218,984.216650
1115,2229,855.731100
1115,2278,859.468500
1115,2472,936.672900
1115,2604,659.279450
1115,2680,687.749350
1116,1403,619.317950
1116,1564,596.871350
1116,1853,195.333400
1116,2049,222.804800
1116,2131,326.672700
1117,1296,99.595700
1117,1731,217.680650
1119,1391,794.410450
1119,1626,855.128900
1119,1656,813.356900
1120,1962,778.755200
1121,1788,777.005750
1122,1645,813.944250
1122,1913,623.254400
1123,1497,454.859500
1123,2184,358.324700
1124,1537,298.295300
1124,1662,359.775900
1125,1460,831.613500
1125,1579,874.314500
1126,1729,484.049300
1126,2143,499.026900
1127,1131,703.955550
1127,1325,968.356750
1127,1372,698.247550
1127,1502,1010.343850
1127,1818,937.885550
1127,2011,747.621250
1127,2123,813.249100
1127,2466,1040.499700
1127,2559,691.854900
1127,2665,764.762350
1128,1509,330.826650
1129,1494,752.038550
1129,2136,592.312600
1129,2520,605.544200
1130,1291,947.860150
1130,1668,811.716550
1130,1719,768.725400
1130,2270,1051.319000
1130,2465,926.782150
1131,1290,804.065150
1131,2551,720.199100
1132,2074,378.071050
1132,2679,471.302400
1134,1347,740.964350
1134,2763,627.745450
1135,1730,387.271050
1135,2361,626.662900
1136,1236,973.890100
1137,1619,993.383550
1138,2574,139.765100
1141,1925,899.665600
1142,1356,319.748550
1142,1641,322.317150
1142,1644,400.630650
1142,1839,374.969550
1142,2287,246.793700
1142,2361,587.980050
1142,2395,589.936700
1142,2499,684.227950
1143,1194,651.826450
1143,1978,586.521950
1143,2211,490.213900
1143,2580,554.279300
1144,1413,729.969300
1145,2263,410.093350
1146,1492,460.759500
1146,2480,505.819700
1148,1433,1003.646050
1149,1285,860.706350
1149,2071,403.095000
1149,2126,792.987550
1151,1425,749.956150
1151,2462,699.149450
1152,1243,425.120000
1152,2065,691.043500
1153,1214,133.886050
1154,1207,298.376100
1154,1432,349.759900
1154,1603,678.422050
1154,1631,397.501100
1154,1664,522.003750
1155,2383,854.666550
1156,1259,500.793400
1156,1311,557.189450
1156,1549,656.306350
1156,1758,456.587150
1156,1887,468.876650
1156,2024,585.250150
1156,2163,377.367350
1157,1729,485.441600
1157,2000,202.032300
1157,2234,390.582650
1157,2330,497.772950
1157,2446,505.743550
1159,1372,733.937850
1159,1604,869.419800
1160,1386,979.994500
1161,1464,351.961800
1161,1738,637.481050
1162,2526,909.708050
1163,1203,126.055900
1163,2352,323.845700
1164,1520,641.733000
1164,1891,668.919450
1164,2028,714.235600
1164,2701,738.921400
1165,1193,266.061900
1165,1524,77.928000
1167,2628,949.187000
1169,1919,632.084100
1171,2292,311.881400
1172,2082,451.044400
1172,2687,537.502850
1174,1339,895.600700
1174,1504,447.461300
1175,1471,373.571950
1175,2224,398.109000
1176,2296,815.159400
1180,1256,731.985100
1180,2125,807.194300
1180,2381,727.128000
1180,2420,801.445900
1181,1228,580.476850
1181,1633,526.302150
1181,1640,501.567500
1181,1951,504.594550
1181,2159,373.672600
1182,1219,417.328850
1182,1373,551.378600
1182,2316,626.028350
1183,2234,454.217150
1184,1628,285.937300
1184,2659,340.091700
1185,2014,617.136200
1185,2462,590.483500
1186,1234,257.599300
1186,2345,293.639500
1189,2079,578.369500
1189,2268,366.450900
1190,1985,578.989950
1191,1401,279.667200
1192,2098,572.058150
1192,2288,210.532900
1192,2297,613.927400
1193,1436,312.106000
1193,2627,409.638600
1194,1474,291.984700
1195,2551,747.726300
1196,1586,394.375100
1196,2177,450.912850
1197,1258,282.695800
1197,1761,286.790200
1197,2404,593.086000
1199,1256,711.806000
1199,2117,274.406100
1199,2511,699.420700
1201,1435,1043.954100
1201,2736,981.489250
1202,1460,715.597900
1202,1569,180.438300
1202,2314,407.225300
1202,2757,592.118450
1203,1229,302.780350
1203,1703,612.624450
1203,1771,518.953650
1203,1906,491.118500
1203,1950,494.698850
1203,2506,307.732550
1205,2436,649.767300
1206,1331,340.282100
1206,2152,274.256800
1206,2163,301.576200
1208,1388,707.266700
1209,1696,847.425900
1209,2068,1106.491500
1210,2305,917.416250
1211,2513,957.724650
1212,1887,526.644200
1212,1892,306.047550
1212,2341,386.526950
1212,2698,327.265000
1213,2257,317.813200
1213,2380,300.128500
1214,1223,153.032150
1215,1961,437.968100
1215,2205,449.526550
1215,2361,415.992200
1215,2414,638.201300
1216,2429,1165.333200
1217,2197,363.717950
1218,2160,345.785600
1219,1731,261.129100
1219,2734,301.498200
1220,1284,859.970750
1220,2646,863.715700
1221,1300,1236.116000
1221,2094,942.071700
1222,1851,1412.392650
1224,2233,737.496550
1224,2431,305.485700
1224,2600,71.228200
1228,1348,366.583700
1228,1363,329.204500
1228,1519,397.806100
1228,2131,341.842750
1228,2140,586.689000
1232,1944,704.637400
1232,2671,678.399750
1233,1969,1262.547800
1235,1495,984.166250
1235,1965,954.364900
1235,2760,1033.101400
1236,2058,938.875550
1237,2219,835.399250
1237,2310,681.587350
1238,1706,1014.884800
1239,2027,154.864400
1239,2692,416.432400
1240,1259,479.350150
1240,1726,512.601700
1240,1887,526.955300
1240,2187,222.564550
1240,2511,544.501500
1240,2684,654.709450
1241,1261,1012.525300
1242,1696,1069.579250
1244,1372,1131.442500
1245,2071,853.187450
1245,2497,821.960950
1247,1630,942.329800
1247,1722,1080.068700
1247,2344,971.759450
1247,2556,1046.321950
1248,1547,428.831800
1253,1563,111.835250
1253,1623,1285.315300
1255,1323,834.007250
1255,1453,806.644350
1255,1627,658.385450
1255,2066,936.933250
1256,1676,621.756550
1256,2043,628.978650
1257,1399,1276.697850
1258,1785,396.513800
1258,2197,241.625100
1259,2621,539.875550
1260,1975,63.805200
1261,1903,1036.486750
1261,1965,1073.097150
1261,2336,960.644500
1261,2665,909.432700
1262,1640,363.345650
1262,1832,523.825450
1262,2670,834.992900
1263,1412,824.468900
1263,1507,701.600200
1263,1770,656.323050
1263,1910,795.234000
1263,1994,784.285200
1263,2189,797.309750
1263,2362,765.111100
1263,2599,782.319500
1264,1557,967.781600
1266,1923,312.645150
1266,2006,320.350250
1267,1323,760.827150
1268,1700,1233.317250
1268,1934,561.885850
1268,2207,488.260650
1268,2333,738.992950
1268,2554,1042.752400
1268,2568,565.170150
1268,2622,799.445150
1269,1882,894.417000
1270,2219,934.129250
1270,2229,862.877300
1271,2002,1264.319200
1272,2462,773.139400
1273,1903,1124.459300
1273,1953,1119.635650
1273,2334,1071.898450
1274,1464,640.620000
1275,1985,742.661250
1276,2146,616.432150
1276,2547,373.671950
1278,2140,321.378100
1279,1574,371.505000
1282,1958,1017.402100
1282,2422,740.440300
1283,1399,1023.139000
1284,2204,953.241750
1284,2420,851.783400
1284,2729,758.723250
1285,2332,725.961300
1285,2646,820.714350
1286,1519,538.942000
1286,1691,378.408450
1286,2255,656.435600
1287,1697,154.976000
1288,1835,818.318250
1288,2559,699.932900
1289,1430,714.215450
1289,1520,703.118550
1289,2624,771.949200
1291,1639,932.987300
1292,1423,878.453350
1293,2063,177.929450
1293,2462,715.678200
1294,2446,563.226750
1295,2231,823.538800
1295,2532,879.654850
1296,1445,541.948700
1296,1535,333.417300
1296,1618,195.728900
1296,2038,722.932250
1296,2064,635.114000
1297,2257,345.836950
1298,1646,289.238250
1298,2047,455.168800
1299,1953,989.456800
1299,2305,867.426750
1299,2453,1113.127550
1301,2330,187.024850
1302,2429,930.468850
1302,2558,1011.631750
1302,2736,912.690700
1304,1731,413.875200
1307,1866,554.447250
1307,1990,478.948900
1307,2716,461.643650
1308,2456,225.929450
1309,1318,656.935250
1309,1492,649.889800
1313,1651,568.264950
1313,2211,518.696700
1313,2260,582.247150
1314,1716,479.626400
1314,2638,531.583500
1314,2639,1091.559400
1315,2494,916.240400
1316,1784,405.737500
1318,2480,469.719500
1319,1547,518.205000
1320,1770,768.029950
1321,2298,694.522750
1322,2681,294.620200
1323,1372,734.495100
1323,1400,693.193800
1323,2296,758.603250
1324,1355,501.403400
1324,2360,1095.839150
1326,1911,878.610050
1327,1607,506.684200
1327,2085,312.348950
1327,2260,705.337250
1328,2174,573.587300
1329,2397,992.612950
1330,1957,511.060650
1330,2268,449.578200
1331,1629,393.881900
1332,2407,1020.522250
1333,1612,752.895650
1333,1717,755.416600
1333,2529,717.181850
1333,2624,371.965950
1334,2182,404.579750
1338,1509,559.071550
1338,2191,290.031700
1338,2673,447.767700
1339,1639,850.654950
1339,1847,858.036350
1340,2604,723.632700
1340,2641,734.857850
1342,1460,752.162650
1342,1648,546.537150
1342,2666,289.545100
1345,1925,1014.932750
1346,2595,395.742100
1346,2660,261.649700
1347,1507,785.747750
1347,1736,771.611750
1348,1691,544.787850
1349,1617,494.148100
1349,2393,470.712650
1351,2671,1045.404900
1352,2415,838.257650
1353,2513,1104.646650
1354,2545,821.394900
1354,2619,625.202300
1355,1435,605.403400
1355,1922,1019.354550
1356,1753,364.194400
1357,2596,257.281550
1358,1604,674.330300
1360,2707,773.119850
1361,2721,325.356400
1362,2698,257.859500
1363,1480,466.123400
1364,2541,165.656450
1366,2083,347.782650
1366,2596,441.534950
1366,2648,523.415450
1367,1784,661.371850
1368,1922,1030.254900
1369,1839,393.101900
1369,2287,417.413650
1370,2462,645.513000
1370,2675,592.778900
1371,1923,85.988600
1372,1641,699.755950
1372,1888,730.307400
1372,2537,1174.475800
1372,2636,838.901400
1373,2011,579.780850
1373,2515,1004.748150
1377,2584,234.451500
1378,2456,949.977350
1380,1729,351.172500
1380,2241,501.181550
1381,2516,97.604100
1382,1403,508.120300
1382,1641,546.018150
1383,1568,855.744600
1383,1959,851.992950
1386,1574,687.454350
1386,1950,509.284100
1386,1988,608.364000
1386,2511,579.885550
1386,2617,1139.923750
1387,1913,744.665400
1388,1430,725.019100
1388,1450,827.711600
1388,1641,711.900950
1388,1653,628.328450
1388,1675,958.181250
1388,1687,788.198950
1388,1804,637.826000
1388,1976,739.884800
1388,2194,867.274550
1388,2321,875.445750
1388,2347,820.800950
1388,2356,654.633050
1388,2390,776.948500
1388,2426,784.613550
1388,2701,676.289150
1388,2751,765.245700
1389,1989,394.297550
1391,2108,89.889200
1391,2532,826.275900
1392,1624,885.362000
1392,1747,922.605950
1392,1985,775.413150
1393,1542,594.634050
1393,1676,574.262800
1393,2354,364.898050
1393,2362,667.470350
1394,1927,749.079250
1394,2337,877.883800
1394,2415,649.317550
1395,1477,934.197550
1395,1498,360.149500
1396,2532,929.358050
1397,1580,287.798200
1398,1656,537.290150
1398,2108,802.650700
1399,2225,800.805250
1399,2296,670.911800
1400,1660,307.047950
1400,1944,698.159100
1400,2462,243.601100
1401,1810,259.532400
1401,2622,811.304050
1402,1804,842.993800
1403,1693,625.830800
1403,1744,609.850100
1403,2684,613.882950
1404,2532,1167.187900
1405,1674,367.695700
1405,1692,600.384350
1405,1935,466.218400
1405,2022,334.750400
1405,2104,926.736200
1405,2303,335.514500
1405,2322,279.752600
1406,1708,783.559300
1408,2707,901.851150
1409,1944,404.963500
1410,1580,375.721250
1413,1531,532.486050
1413,1592,60.962800
1413,2043,568.932450
1413,2557,337.252600
1415,1574,399.958950
1416,2212,232.394200
1418,1653,674.376150
1418,1698,808.174050
1418,1886,896.849600
1418,2036,665.510750
1418,2155,716.303400
1418,2422,712.304850
1418,2702,976.346450
1419,2532,754.648650
1420,1887,806.242100
1422,2370,848.948350
1423,1682,800.480700
1423,1684,764.976200
1423,1844,796.462900
1424,2513,956.147600
1425,2434,785.759050
1425,2559,734.427300
1426,2578,392.602000
1427,2516,221.646700
1428,1635,380.932600
1428,1758,458.122350
1428,2355,1071.094600
1428,2514,881.818900
1429,2539,1104.106100
1429,2589,903.996850
1430,1733,916.289450
1430,1762,815.311150
1430,2094,703.560550
1430,2141,713.981150
1430,2473,736.486250
1430,2529,774.360550
1430,2536,742.369000
1430,2616,733.269750
1430,2620,810.965150
1430,2726,756.039800
1433,1445,444.151750
1433,1461,681.795750
1433,1531,519.925500
1433,1926,499.136950
1433,1981,215.421650
1434,1949,709.295700
1434,2113,599.419300
1434,2616,745.415200
1435,1670,870.942800
1436,1525,272.155800
1436,1633,260.680850
1437,2687,392.153750
1438,2142,325.934500
1438,2200,304.835800
1438,2583,337.096300
1440,1517,194.559350
1440,1580,524.392100
1440,1686,233.922000
1440,2093,356.338900
1440,2341,496.288500
1440,2382,268.327100
1441,2578,166.297650
1442,2429,999.151550
1444,1754,570.000600
1444,2207,104.923300
1445,1641,449.594850
1445,2034,859.173650
1445,2040,489.340700
1445,2350,537.835150
1445,2404,495.485600
1445,2443,550.880300
1445,2721,280.864550
1446,1664,606.254050
1446,1937,593.066200
1446,2511,596.530400
1447,2219,881.993650
1447,2589,893.019450
1449,1546,126.502300
1451,2511,701.537900
1452,2019,557.326250
1453,1604,680.565600
1453,2170,776.206350
1453,2624,671.677350
1454,1649,1008.431200
1454,1795,1021.173100
1454,2326,1040.783850
1454,2370,1001.027900
1454,2706,933.166050
1456,1937,487.213750
1456,2055,451.406050
1457,1983,787.482500
1458,1475,457.195800
1458,2006,427.845000
1459,1747,979.334450
1459,2492,945.064500
1459,2606,1043.228300
1460,2144,747.771600
1460,2374,755.372350
1460,2753,755.511950
1461,2020,789.580500
1463,2702,1082.853850
1463,2705,1100.337250
1464,1572,884.549550
1464,1796,820.163350
1464,2059,392.560150
1465,2432,415.569750
1466,2624,750.018600
1467,1882,910.300150
1468,2263,327.886150
1469,2351,649.934600
1470,1653,824.255650
1472,1635,328.543650
1473,1546,471.120350
1473,2521,33.953800
1474,1840,342.529950
1474,2508,598.187350
1475,1792,356.276650
1475,2369,340.557400
1477,2138,858.635350
1477,2346,850.153400
1477,2360,1067.484950
1477,2433,808.091000
1477,2438,839.849300
1477,2545,895.179900
1481,1731,297.476250
1482,1685,844.150700
1482,1804,722.281400
1482,2254,805.810700
1482,2270,1019.308850
1482,2575,788.521050
1482,2606,1044.891550
1483,1825,374.914700
1483,2410,630.765900
1484,2151,237.815500
1484,2576,340.089850
1485,2128,422.791650
1485,2329,161.045500
1485,2359,370.626050
1486,1635,374.894800
1486,2461,373.808950
1488,1522,435.970300
1489,1520,742.325350
1490,2370,814.787300
1491,1761,330.251800
1493,2586,448.045350
1494,2376,661.299250
1495,2415,765.256800
1497,1699,454.248800
1498,1625,883.846450
1498,2315,818.204200
1498,2646,864.628800
1499,2462,765.567000
1500,2732,900.146650
1503,2725,883.361500
1504,2344,890.198650
1505,2200,229.369600
1505,2223,625.731650
1506,2730,310.555900
1507,2631,749.096550
1508,2378,788.364150
1509,1782,283.111000
1509,1851,318.835550
1511,1528,1138.829950
1511,1735,716.337150
1511,1932,867.249700
1511,2137,974.210500
1511,2244,790.745950
1511,2438,803.954250
1512,1643,1079.482550
1513,2149,603.544950
1515,1556,646.862900
1515,2432,760.853900
1516,2171,603.315350
1516,2444,528.064250
1518,2422,1207.706050
1520,1743,737.264850
1520,1933,819.867300
1520,2645,597.504500
1520,2671,611.670950
1521,2656,1027.488200
1523,1900,173.882900
1525,2011,605.143500
1526,2580,686.857900
1527,2275,181.579400
1530,1570,1065.068800
1531,1721,555.670900
1531,2262,914.424250
1531,2410,584.704950
1531,2446,273.522400
1531,2733,231.307200
1532,2212,292.679100
1532,2258,271.844450
1533,2066,892.580850
1533,2141,833.861650
1533,2601,882.128350
1533,2646,863.194550
1534,2494,1014.450450
1535,2734,306.236500
1536,2583,495.354500
1536,2694,538.649050
1537,2007,354.734350
1537,2206,304.053900
1537,2740,725.152450
1538,2586,206.753000
1539,2592,1089.102400
1540,1941,831.373150
1540,2014,816.996950
1541,1925,667.378600
1541,2158,872.351000
1542,2266,386.191800
1543,2159,611.859100
1545,1897,309.233900
1545,1902,476.860000
1546,2163,425.190700
1546,2328,116.427700
1546,2448,431.676200
1547,2367,459.043650
1549,2553,630.175500
1550,1592,456.810500
1551,2532,768.735050
1552,1941,938.178950
1554,2204,1008.682200
1554,2589,964.120900
1555,2062,283.020250
1556,2032,796.277200
1557,1707,845.223600
1557,2332,688.015050
1558,1696,843.770700
1558,1863,1040.868850
1558,1953,989.957350
1559,1873,896.285300
1559,2222,988.712350
1559,2370,755.324450
1559,2706,937.435050
1560,2255,1321.898600
1561,2005,468.365250
1562,1568,883.229950
1562,1787,970.320350
1562,2278,993.466500
1562,2438,980.636800
1564,1598,608.589650
1564,1910,569.972300
1564,2446,425.024000
1565,2174,470.165750
1567,1824,1001.307400
1570,2427,928.810650
1570,2502,982.397400
1573,2161,834.756750
1573,2340,304.687500
1574,2148,334.703350
1575,1726,502.640950
1575,2400,403.124400
1576,2422,883.596000
1577,1587,851.951400
1577,1807,853.866400
1579,1891,742.737150
1579,2751,790.505050
1582,1591,464.230300
1582,1609,518.529450
1582,2358,458.000300
1582,2543,95.971000
1583,2300,546.258150
1584,1932,1061.163600
1585,1834,223.819350
1587,1800,988.035450
1587,1915,892.916150
1587,2158,742.444900
1587,2662,816.228250
1588,1804,861.535150
1588,2620,901.082900
1589,2551,784.690750
1589,2659,849.083050
1590,2394,224.402600
1591,1882,428.903050
1592,2145,316.956100
1592,2354,196.610950
1593,2494,810.988750
1594,2534,784.775600
1595,1804,868.598950
1598,2311,608.203450
1602,2151,357.645700
1604,2037,829.905650
1604,2729,651.145350
1608,1710,354.423100
1609,1910,510.200350
1609,1945,836.775250
1609,1985,518.534900
1609,2563,720.303550
1609,2643,126.531000
1611,2412,933.674550
1612,2214,770.265750
1613,2170,963.237550
1615,1730,598.351600
1615,2569,328.038600
1615,2687,426.160100
1616,2229,1056.047100
1619,2269,871.841700
1624,2375,899.436850
1625,2545,916.393700
1625,2686,512.975150
1627,1764,913.014900
1627,1882,881.669200
1634,2429,1190.644400
1635,1783,367.567450
1635,1839,410.834300
1635,1905,376.231550
1635,2491,455.270900
1635,2634,513.219900
1636,2707,824.241250
1637,1703,644.475200
1639,1779,1004.635200
1639,1968,869.296950
1639,2067,887.038850
1639,2147,965.223550
1639,2429,793.508100
1641,1716,515.587300
1641,1727,576.289650
1641,1753,366.789400
1641,2221,895.469900
1641,2309,755.083700
1641,2676,277.707950
1644,1851,311.459600
1645,2342,590.587250
1645,2580,689.272050
1646,1898,344.623800
1646,2410,681.497400
1647,2382,482.514350
1648,1768,611.483850
1648,1884,229.513500
1648,2676,463.365250
1649,2291,989.917500
1651,1978,386.190400
1653,2559,673.117300
1654,1703,356.015150
1654,2341,617.431600
1654,2459,277.262200
1654,2609,649.849650
1656,2379,881.511950
1656,2513,894.154400
1657,2755,791.299900
1658,2532,897.933200
1660,1756,489.288950
1661,1692,176.803500
1664,2404,469.170800
1665,2363,398.606300
1666,2002,391.525350
1667,2363,514.244150
1669,2249,1035.863750
1670,2707,805.076650
1671,1860,221.733600
1671,1899,309.178950
1672,2164,376.879000
1672,2463,490.863500
1673,2185,516.959350
1674,1744,646.947250
1674,1960,444.668550
1676,2136,591.466050
1676,2599,665.891550
1676,2687,598.819300
1678,2049,136.770700
1680,2706,901.512500
1681,1987,319.906100
1681,1993,475.720350
1682,2407,894.608300
1683,2170,855.351100
1683,2714,1042.237750
1685,2675,886.937050
1687,2470,872.688200
1688,2344,880.313200
1688,2535,1026.581650
1689,2436,246.576350
1690,2694,376.829650
1692,1909,392.008050
1692,2163,182.121500
1692,2236,576.599050
1692,2461,262.246800
1693,1891,675.695200
1693,2569,231.455950
1694,2399,372.410150
1695,2745,402.977300
1696,1750,1068.780450
1696,1849,747.587350
1696,1877,1057.028200
1696,1934,782.724900
1696,1952,1099.063500
1696,1996,901.485450
1696,2147,946.936450
1696,2349,1210.787300
1696,2526,831.253350
1696,2527,922.326900
1696,2546,1080.932550
1696,2689,1317.086700
1696,2709,1195.720000
1699,2369,345.394350
1699,2651,556.530300
1701,2092,592.310050
1701,2149,498.895000
1703,1715,316.790200
1703,1781,376.312950
1703,2372,373.841900
1704,1882,541.313250
1705,2429,1194.669000
1707,1764,879.854900
1707,2138,752.385250
1707,2497,797.913500
1708,2547,224.868350
1708,2553,613.136800
1709,1966,768.785400
1709,2641,547.821400
1710,2382,340.494350
1710,2578,248.057050
1712,2138,654.738450
1713,2271,742.789500
1714,2425,477.956650
1716,1987,283.595900
1716,2185,427.957900
1717,1776,751.608750
1717,1876,813.905400
1717,2511,687.252050
1717,2551,717.128200
1717,2725,709.538450
1718,2682,842.053000
1719,2229,797.041250
1719,2628,910.416500
1721,2127,459.362650
1723,2209,112.617250
1723,2442,361.152250
1727,1870,271.248000
1727,2056,165.950150
1727,2297,247.293800
1727,2456,587.310900
1727,2565,613.372250
1729,2031,418.539550
1729,2552,416.458900
1729,2586,508.605700
1730,2140,252.249050
1730,2395,579.210900
1731,2568,428.626800
1732,2133,994.179100
1734,2415,698.652400
1736,2353,592.835200
1737,2589,892.619850
1739,2156,508.158700
1740,2279,357.659450
1742,2671,779.539650
1744,2011,612.377450
1745,2581,267.125100
1746,2463,725.446900
1746,2671,686.387150
1748,1983,291.739550
1755,2198,894.553200
1757,2589,1003.706250
1758,2136,447.819950
1758,2165,823.482250
1758,2640,461.166250
1759,1960,459.014500
1761,2443,255.615700
1764,2538,840.834750
1765,2013,487.371000
1765,2573,406.876750
1765,2686,209.954650
1767,1922,1170.073500
1768,2053,646.151550
1768,2762,627.187100
1769,2357,825.094350
1770,2342,784.591650
1770,2367,800.170100
1771,1890,61.031500
1771,2212,327.079600
1771,2260,605.341400
1771,2324,437.330900
1772,2257,328.982950
1773,1855,956.168750
1774,2333,298.988150
1775,1906,575.541600
1775,2595,580.435600
1776,1807,760.645650
1777,2610,394.868250
1778,1789,935.218850
1780,2452,94.681400
1780,2622,406.908450
1780,2765,399.239250
1781,1993,591.764200
1781,2668,614.357900
1782,1839,378.882200
1783,1936,721.072500
1784,1931,347.414450
1784,2405,269.516000
1786,1791,406.497500
1786,2212,352.490000
1786,2478,229.940350
1788,2313,818.587600
1789,2232,933.738250
1790,2352,333.931900
1790,2634,406.087850
1791,2198,605.352350
1792,2184,246.504200
1792,2644,369.298900
1795,2051,851.987950
1797,1860,341.031850
1801,2651,597.060500
1802,1864,882.486850
1802,2538,815.950850
1802,2616,841.982600
1803,2369,420.249100
1804,1912,843.868700
1804,2069,903.985750
1804,2230,808.549650
1804,2551,708.745500
1804,2713,749.022550
1805,2035,649.425100
1805,2429,1035.824750
1807,2528,895.051000
1808,2469,381.425050
1809,2612,706.642350
1811,2736,1026.833500
1813,2121,291.968050
1814,2011,542.927900
1816,2554,1002.603350
1824,1854,1054.012400
1824,1915,987.613100
1824,1973,854.030600
1824,2407,921.856050
1824,2635,937.615350
1825,2039,478.420050
1825,2062,263.096000
1825,2547,233.358350
1826,2323,579.621000
1828,1846,1077.702250
1831,1882,1142.337000
1832,2404,586.867400
1832,2584,548.832500
1833,2769,91.817400
1834,2596,330.947150
1838,2139,746.968150
1839,2653,559.304650
1841,2656,836.050100
1844,1991,875.627600
1844,2202,781.411350
1845,2580,538.145600
1846,1847,1170.620250
1847,1963,1012.181450
1854,2551,1034.479500
1855,2646,314.352100
1859,2028,787.169350
1859,2494,764.462900
1860,2120,257.791800
1860,2181,474.525450
1860,2257,325.192500
1860,2380,281.366500
1861,2040,281.455800
1864,2097,438.791700
1864,2619,561.000900
1865,2429,1027.568250
1866,2156,232.581350
1866,2287,385.912100
1866,2621,403.275950
1867,1878,528.783850
1870,2246,222.560050
1870,2310,232.646450
1871,2195,287.652550
1871,2343,416.834800
1875,1904,767.235400
1876,2110,1010.329850
1878,2490,638.249150
1879,2011,769.116150
1882,1957,644.813300
1882,2130,951.597350
1882,2261,735.608250
1882,2332,889.074600
1882,2491,127.514500
1882,2669,790.812550
1883,2661,797.460600
1885,2484,149.411600
1885,2666,87.768500
1885,2725,659.978050
1886,2291,822.365550
1886,2293,951.595150
1887,1910,498.273550
1887,2302,469.500700
1887,2446,535.064600
1887,2550,600.989000
1888,2462,724.588950
1888,2497,718.626450
1895,2671,793.323650
1896,2083,334.822500
1896,2389,343.536450
1898,2047,357.941900
1898,2166,329.195000
1898,2234,520.136450
1900,2062,237.184600
1901,2616,730.695050
1903,2589,1034.407000
1904,1925,806.156350
1904,2149,429.022000
1904,2384,830.667450
1905,1961,606.117000
1905,2163,336.801300
1906,2250,434.987500
1906,2410,592.162300
1906,2464,447.991500
1907,1969,877.454450
1907,2523,962.220150
1907,2671,920.942200
1909,2504,295.681900
1909,2509,343.722100
1909,2667,236.844700
1910,1946,605.328950
1910,2511,485.199300
1912,2305,852.767850
1913,2163,381.147550
1913,2640,488.347750
1913,2692,647.987650
1914,2251,494.276100
1914,2549,462.677650
1915,2513,968.116100
1916,2764,512.452350
1917,2624,834.569900
1918,2294,747.017700
1919,2763,630.153050
1922,2208,1219.046700
1922,2752,698.323300
1924,2632,389.868850
1925,1990,424.880750
1925,2465,728.928450
1925,2480,920.397500
1925,2491,70.862400
1925,2638,528.335100
1927,2551,664.736350
1928,2378,522.371550
1928,2462,684.463650
1929,2398,466.837150
1930,2006,465.932600
1930,2753,628.590450
1932,2445,1062.768250
1932,2513,836.083500
1935,1960,365.254450
1936,2656,702.577150
1937,2043,478.290800
1937,2127,396.747500
1937,2143,548.826700
1937,2516,482.207000
1937,2591,733.928500
1938,2618,399.774750
1939,2212,288.673050
1940,2589,1044.065250
1941,1985,718.233150
1941,2141,751.343000
1941,2473,736.491400
1941,2616,811.413800
1941,2655,973.794100
1941,2725,731.804450
1942,2115,689.189950
1942,2195,661.978000
1943,2757,258.710300
1944,2356,715.706700
1945,2704,993.825000
1946,1993,427.338250
1948,2703,972.625950
1949,2672,786.261850
1950,1955,618.102850
1950,2040,499.033350
1950,2377,493.524700
1950,2553,598.000000
1951,2598,627.614950
1951,2719,515.283400
1953,2309,1003.999350
1960,2205,438.146800
1960,2285,526.047600
1960,2361,445.020450
1960,2367,492.363250
1961,2518,595.212700
1964,2469,268.499400
1965,2396,866.273200
1966,2604,709.454800
1968,2256,1043.436050
1968,2560,986.819650
1968,2671,860.598350
1969,2435,1036.685350
1969,2612,770.580950
1969,2623,977.212650
1972,2343,277.056150
1973,2513,824.697550
1975,2361,764.434450
1975,2409,760.290800
1975,2452,373.138500
1976,2176,791.679200
1977,2301,431.581400
1977,2398,228.703200
1979,2638,371.909400
1981,2304,119.909900
1983,2579,660.863350
1984,2422,931.394900
1985,2136,473.212200
1985,2393,611.487900
1985,2469,569.191150
1985,2673,501.423000
1987,2748,188.028650
1989,2198,499.218750
1991,2415,622.276450
1991,2604,661.238900
1991,2674,787.467850
1992,2025,577.544750
1992,2259,951.576850
1993,2323,486.220000
1993,2458,577.971600
1993,2547,556.167850
1993,2550,475.959850
1993,2602,431.869550
1993,2722,248.243900
1995,2178,770.590300
1996,2539,1095.988400
1997,2551,1080.083550
2001,2641,872.525400
2002,2111,852.828050
2002,2671,717.749850
2004,2011,539.465850
2005,2243,398.171550
2006,2184,400.287850
2006,2742,546.213350
2008,2698,194.657400
2011,2551,712.711350
2011,2656,699.479050
2011,2727,760.964750
2011,2767,609.501950
2012,2042,878.757350
2014,2707,722.865550
2016,2739,370.840050
2017,2169,917.744450
2017,2290,317.715500
2018,2223,619.424750
2018,2400,520.905150
2020,2378,587.667100
2021,2522,328.094950
2024,2086,698.300200
2024,2394,535.954200
2027,2490,241.896900
2027,2756,641.967300
2028,2144,719.740200
2028,2244,827.117800
2028,2725,635.588600
2029,2429,1073.209350
2032,2750,565.334300
2037,2616,840.889550
2037,2725,827.103350
2042,2383,839.871700
2042,2415,639.074750
2043,2746,475.493300
2045,2530,509.655350
2045,2649,277.017900
2045,2766,539.125900
2047,2095,489.367350
2048,2142,191.566300
2048,2238,362.936850
2050,2127,497.926300
2052,2612,986.557850
2053,2127,381.502900
2054,2354,541.750850
2057,2372,331.091250
2058,2190,519.489950
2058,2746,514.431400
2060,2090,861.729600
2062,2711,511.878600
2063,2603,926.655800
2064,2303,700.345050
2065,2211,698.035050
2066,2204,893.894050
2070,2342,550.295600
2071,2707,841.906300
2077,2354,388.606200
2078,2638,364.299500
2079,2659,724.580850
2080,2344,901.184650
2080,2594,989.459650
2081,2163,547.267500
2081,2506,378.254650
2082,2367,598.059150
2084,2359,184.992600
2084,2685,354.121400
2085,2572,283.973900
2088,2198,931.626400
2089,2532,933.995200
2090,2532,929.514950
2090,2594,910.196400
2090,2759,1094.612300
2091,2397,979.336250
2091,2419,989.774200
2091,2690,991.969450
2092,2755,812.577550
2094,2144,741.023050
2094,2753,674.225700
2095,2408,491.165450
2096,2361,696.287800
2098,2568,353.322250
2101,2263,338.070200
2103,2114,1023.987150
2105,2310,185.218800
2106,2429,1150.534100
2107,2710,744.990150
2111,2707,810.131900
2112,2531,1063.914900
2113,2489,47.051100
2114,2346,828.250250
2114,2430,754.532550
2114,2462,718.157050
2114,2548,921.427600
2117,2414,692.291900
2118,2443,300.259850
2119,2532,947.797500
2124,2534,783.271350
2126,2514,877.652600
2132,2195,409.754950
2133,2242,875.253600
2134,2138,786.950450
2135,2680,930.050200
2138,2242,604.427150
2138,2357,498.247200
2138,2646,870.207750
2140,2494,695.845300
2141,2423,864.728850
2141,2430,798.031250
2141,2624,662.729400
2142,2300,260.143600
2143,2235,223.375300
2144,2657,921.821750
2146,2279,335.091600
2146,2410,417.423550
2149,2280,412.501800
2150,2404,549.969550
2153,2209,298.548500
2153,2368,285.630700
2154,2646,879.443150
2154,2669,788.883500
2155,2259,708.220100
2155,2562,1030.283650
2156,2410,588.982000
2156,2602,630.713750
2157,2583,520.076950
2157,2721,452.819650
2160,2323,267.713600
2161,2342,265.339000
2163,2605,629.887400
2165,2240,964.238400
2166,2516,533.622950
2170,2225,743.495150
2170,2462,724.425400
2171,2750,519.001100
2172,2415,838.503950
2173,2653,86.149000
2177,2632,507.933500
2183,2415,1011.249200
2184,2308,406.202150
2184,2653,626.208950
2188,2605,192.402900
2191,2634,438.694650
2195,2308,369.977850
2197,2237,147.501350
2198,2290,329.664300
2200,2485,367.938000
2200,2578,127.126400
2202,2415,735.739350
2203,2429,1000.089750
2204,2577,933.323400
2207,2304,65.282000
2207,2447,171.739700
2207,2455,226.967850
2207,2733,500.824400
2210,2323,273.552750
2213,2656,887.236050
2216,2671,967.654900
2220,2382,285.050450
2223,2553,511.998750
2225,2531,869.004450
2226,2404,994.346900
2227,2663,978.211400
2229,2493,952.730500
2229,2551,832.127950
2236,2578,600.480850
2237,2443,270.271350
2237,2451,216.065050
2237,2766,523.385200
2238,2629,632.837600
2240,2589,969.106850
2242,2276,881.685150
2242,2616,718.698800
2243,2266,308.575500
2245,2325,454.480150
2247,2500,278.196500
2249,2656,742.875100
2250,2634,491.099600
2255,2733,558.343600
2260,2541,349.055550
2263,2405,264.382700
2271,2407,753.191150
2272,2425,274.970550
2274,2462,898.615400
2277,2592,1067.525900
2278,2525,719.547950
2278,2590,786.053150
2278,2665,786.358500
2282,2357,816.741500
2288,2477,632.939100
2288,2565,271.294550
2289,2414,631.183750
2291,2370,908.293000
2294,2600,794.590650
2298,2309,827.849300
2299,2378,670.604400
2305,2551,682.862250
2309,2680,796.496500
2310,2621,605.264500
2310,2715,229.752100
2320,2673,707.017600
2320,2730,833.182050
2321,2467,967.785550
2322,2361,363.160250
2323,2627,261.769700
2325,2399,310.033450
2329,2541,606.456350
2334,2339,596.605250
2337,2680,982.648650
2342,2428,382.318700
2344,2641,762.566050
2344,2642,821.196100
2346,2514,872.897700
2350,2419,849.032000
2350,2511,597.205700
2353,2463,706.410000
2353,2525,347.482150
2354,2755,307.795800
2356,2381,734.756050
2364,2690,1084.212900
2368,2511,624.774200
2368,2599,692.066450
2369,2437,712.174500
2371,2551,848.803600
2371,2671,831.684550
2372,2722,613.329750
2378,2707,631.378700
2379,2534,583.427250
2379,2635,942.138450
2381,2701,688.440950
2382,2678,312.129700
2383,2703,858.644800
2384,2730,303.253700
2394,2698,448.576400
2396,2604,855.881000
2405,2737,147.361550
2407,2637,945.173350
2408,2444,354.409000
2409,2656,729.509300
2415,2701,733.990850
2416,2547,424.600850
2417,2487,454.032450
2420,2514,842.172650
2420,2707,791.507900
2421,2508,730.594050
2424,2502,922.793500
2424,2566,854.464300
2428,2432,729.862000
2429,2513,846.383250
2429,2589,806.841800
2429,2680,744.167050
2430,2725,733.135300
2431,2532,775.964300
2433,2514,868.906250
2436,2541,184.509400
2436,2590,790.069400
2438,2514,908.540500
2440,2516,265.082250
2440,2757,292.391250
2446,2469,544.682550
2447,2469,416.975000
2448,2640,432.523750
2454,2532,825.521600
2454,2641,799.521500
2457,2577,1054.558300
2460,2567,904.467150
2462,2662,800.449150
2468,2553,413.194350
2470,2612,826.566150
2475,2690,1148.103150
2482,2638,763.854400
2492,2624,718.161300
2494,2590,775.630750
2494,2725,693.953150
2495,2576,291.676700
2497,2551,742.570700
2502,2546,1081.640200
2507,2532,1124.879100
2508,2631,732.956850
2508,2763,715.097350
2514,2545,842.705950
2514,2630,894.737700
2514,2646,877.153500
2516,2586,71.466100
2523,2662,832.192700
2532,2534,902.573100
2532,2724,1004.765550
2534,2585,707.163600
2538,2707,807.539250
2542,2664,739.979850
2542,2706,732.181200
2547,2598,508.763650
2551,2703,709.923500
2551,2761,759.057550
2554,2706,801.367500
2569,2645,231.815000
2578,2583,336.019700
2578,2723,334.002500
2582,2700,245.039800
2583,2595,596.397500
2594,2642,989.638050
2602,2719,510.138300
2603,2613,970.744850
2603,2615,905.770900
2611,2656,655.744050
2615,2690,706.147100
2619,2632,239.051400
2624,2749,722.737050
2627,2719,426.194900
2638,2653,528.575500
2653,2721,516.168500
2654,2749,825.093600
2698,2764,381.235100
2725,2738,872.129500
2750,2757,512.101400
