1,146,603.128300
1,261,746.072850
2,3,1006.211800
2,60,1389.358250
2,91,1074.824000
2,122,1217.435550
2,142,1212.674750
2,224,1222.075850
2,251,912.904600
2,256,1216.089650
2,261,777.097500
2,303,1229.147000
3,210,1006.654700
4,261,1146.083000
5,261,1074.536100
6,90,1418.713900
6,147,898.756450
6,282,1160.573650
6,294,965.526900
7,320,882.768100
8,23,989.071550
8,139,948.262750
8,156,992.109500
8,313,1060.517850
9,261,1127.990850
10,261,1059.850750
11,119,694.189700
11,234,286.229300
12,16,490.237650
13,30,1144.666400
13,105,1067.831450
14,261,1217.761100
15,242,642.692900
16,30,1070.023850
17,294,1192.009600
18,34,523.135700
19,261,1221.457650
20,294,1280.617000
21,33,652.175800
21,207,1053.948850
21,219,1119.191550
21,268,748.287350
22,261,1309.314600
23,57,954.787400
23,76,1013.593100
23,101,993.258800
23,261,944.611250
24,261,1131.308650
25,111,1252.369500
26,82,849.472450
26,258,693.894700
27,261,1176.507200
28,195,756.440500
28,257,998.844550
29,128,959.178350
29,294,1316.865750
30,46,1172.055800
30,79,1094.856250
30,156,885.043300
30,189,928.414550
30,234,1064.055650
30,248,1305.071000
30,267,1108.593800
31,261,1030.057500
32,261,1181.185650
33,220,767.177200
33,261,964.178450
34,61,820.670750
34,247,1160.637650
34,315,722.756900
35,261,1279.896550
36,261,1007.162650
37,261,1001.592500
38,164,1165.160400
38,229,1275.381650
39,169,1111.547500
39,294,1294.229600
40,107,1020.535450
41,294,1394.153400
42,261,1175.976350
43,261,1210.394100
44,82,590.367000
44,88,623.014000
45,261,891.044400
46,114,421.150850
47,119,1073.781000
48,261,1215.816850
49,72,1126.905600
49,185,1162.867150
49,261,1104.664750
50,294,1246.226800
51,261,1222.369400
52,74,749.814600
52,109,794.344000
52,147,679.838350
52,251,846.343050
53,203,699.768250
53,210,979.144550
53,263,1027.285950
54,217,1031.106050
55,261,1128.974800
56,261,1287.027800
58,233,742.136350
59,148,230.968850
59,165,247.905650
61,92,1148.123000
61,162,843.316750
62,261,1097.438050
63,294,1241.046150
64,147,717.210650
65,261,1125.846200
66,143,956.650650
66,294,1163.849200
67,294,1504.802700
68,156,1223.062200
69,123,430.102000
70,81,1137.831650
70,104,1289.960150
70,261,889.845550
70,325,1411.583150
70,327,1396.799150
71,261,1181.671000
72,73,1325.884350
72,156,1172.952300
72,236,1254.977850
75,261,1411.978550
77,261,1228.686550
78,294,1281.010100
80,294,1234.960650
80,320,1054.747850
81,173,93.400000
81,190,572.673100
83,298,1016.097100
84,261,1120.775050
85,115,1131.022750
85,162,1110.426400
85,165,966.266350
85,184,1247.017100
85,202,1040.665300
85,291,1024.798450
86,147,212.433550
86,203,350.869000
87,261,1211.927550
89,261,920.788550
90,287,1356.195400
92,261,937.081150
93,294,1135.087000
94,156,1316.677000
95,156,1224.372550
96,261,1280.773650
97,235,1008.662600
98,221,461.066650
98,299,1120.777450
99,203,1015.162650
100,131,1166.206000
101,298,994.175800
102,261,1148.010600
103,276,1506.706550
103,303,1338.366500
105,156,1119.698700
106,294,1040.373850
107,175,518.096750
107,203,405.434600
108,157,1240.181150
110,294,1258.461600
111,268,1148.451600
111,294,684.115550
111,319,1250.704450
112,261,1227.287150
113,156,1200.774250
114,285,746.798000
114,317,1187.745450
116,261,1138.957250
117,147,608.733200
118,229,1206.473050
118,324,1406.081950
119,156,1103.473050
120,261,1253.676600
121,184,1173.494250
121,261,1182.266300
121,269,800.495250
122,287,1240.880300
123,261,998.354600
124,155,1228.986450
124,156,1109.130100
125,252,1209.430050
126,205,969.838250
127,261,1284.079100
129,261,1262.043500
130,247,985.339900
130,283,1063.022400
131,261,890.913200
132,261,1134.765600
133,189,1068.618350
134,261,1300.544900
135,138,1180.743050
135,310,508.138600
136,156,1201.171450
137,146,717.301150
137,170,1237.826000
137,229,1179.685800
137,235,646.702350
138,195,1106.281150
138,219,1157.344450
140,294,1264.868500
141,261,1361.607800
142,171,1334.552100
142,287,1243.375700
142,312,1257.320800
144,261,1461.265800
145,294,1281.692500
146,156,592.366450
146,279,1181.610600
146,311,1284.937300
147,261,875.833450
147,293,914.407700
148,157,245.373250
148,280,226.227500
149,294,1106.158750
150,261,1314.497250
151,261,1253.851250
152,229,1257.307450
152,261,1246.491500
153,294,1185.387100
154,294,975.561150
156,160,1283.836000
156,164,1294.289850
156,169,1218.634500
156,188,1086.556050
156,194,1241.435050
156,204,1375.809800
156,206,1161.207950
156,218,1272.565350
156,254,1264.292700
156,262,1179.791000
156,294,745.192000
156,312,1157.825300
156,318,1312.893100
156,323,1195.212700
158,261,930.271000
159,261,1192.458600
161,190,537.612800
162,294,1093.917250
162,315,782.179950
163,261,1210.594550
164,172,1301.234650
165,294,1016.550800
166,203,643.583050
167,291,953.400150
168,261,1153.837450
171,229,1263.378300
171,261,1264.185850
172,218,1249.008700
172,261,1306.107450
174,294,1245.541800
176,294,1290.238200
177,294,1346.582700
178,261,1071.744500
178,287,1196.914700
179,259,1573.968950
180,261,1229.252100
181,261,1178.967600
182,261,1123.834750
183,229,1304.894100
183,256,1280.856000
186,294,1340.312350
187,261,959.390550
189,317,1015.541900
190,294,1058.865150
191,230,1151.713150
191,294,1291.227050
192,261,1199.017900
193,294,1143.019950
194,232,1264.183850
194,274,1049.891650
195,261,1047.938750
195,321,1305.569500
196,261,1079.205000
197,261,1062.399300
198,223,1403.810550
199,203,614.424100
200,294,1324.915050
201,261,774.078700
201,300,1384.553100
201,309,622.018500
202,294,985.959700
205,261,1120.458750
208,256,1252.117800
208,294,1292.756850
209,261,1061.300150
211,255,1315.160300
211,261,1036.531100
212,294,1067.663350
213,294,1212.903350
214,294,1163.090550
215,294,1041.956600
216,261,1153.418450
217,294,1060.512200
222,270,671.239650
223,294,1284.664000
225,294,1219.406600
225,326,1283.513950
226,294,1311.477100
227,261,936.513100
228,294,1326.981500
231,294,1192.692500
232,249,963.564750
233,261,1033.437000
235,237,337.568450
235,261,753.743150
238,261,1109.962950
239,261,1091.261800
240,261,1162.493800
241,261,988.364200
242,261,1143.316700
243,261,1285.442450
244,261,1209.458750
245,261,1241.074100
246,261,1179.974300
250,294,1287.129700
252,261,1080.424150
253,261,953.188550
256,275,1258.404050
257,261,943.001800
258,294,1042.578950
259,261,1419.610100
259,276,1388.418600
260,294,1212.147800
261,264,942.858450
261,266,1050.900250
261,270,1196.942850
261,271,1232.220100
261,273,1183.132900
261,274,1221.674500
261,277,1177.795900
261,278,1161.127050
261,286,745.183700
261,288,1026.825200
261,290,1053.663750
261,292,797.250500
261,294,661.079800
261,295,896.693650
261,296,1321.545400
261,297,1131.210500
261,302,1170.258700
261,305,1164.158850
261,306,1331.021900
261,307,1221.029150
261,308,1215.084100
261,310,1187.998400
261,314,1131.679900
261,316,1019.535150
261,320,1235.875250
261,324,1319.001800
261,329,1028.124750
264,299,937.352100
265,303,1288.976550
272,294,1241.318000
281,294,1000.932800
283,294,1170.656900
284,294,1225.574600
286,291,53.986500
287,303,1247.722550
289,301,798.777700
289,315,926.789950
294,304,863.649900
294,313,1142.235900
294,322,1116.039400
294,328,1167.482600
308,318,1297.725100
