1,241,1487.343019
2,874,900.696478
2,1556,1751.758188
2,1651,1925.224418
3,12,1723.393497
3,596,1609.394183
4,1252,1927.464760
4,1652,2738.592539
4,2187,1878.643635
4,2659,2040.868062
5,1317,2777.767049
5,1372,1856.522003
6,299,1847.285426
6,900,2489.909962
6,1401,1825.438334
6,1407,1401.991749
6,2384,1387.219296
7,237,1087.432088
7,613,1227.652000
8,1446,1083.795010
9,347,1531.864604
9,507,1366.659099
9,1472,1333.885459
9,1692,1202.839649
9,1815,1291.426177
9,2687,1450.056156
10,1081,1473.299561
10,1754,1516.849348
10,2136,1606.791880
10,2166,1414.107196
11,143,1817.701153
11,280,2000.243631
11,606,2231.404532
11,843,1868.989625
11,1839,1924.410577
12,1791,1690.789691
12,2363,1501.283937
13,814,1347.435234
13,1055,1586.049600
13,1710,745.050036
13,2200,1058.549746
14,2303,1524.665479
15,240,2064.662768
16,270,1451.864612
16,359,1698.883134
16,851,1863.379019
16,1093,1681.080459
16,1511,1881.462029
16,1688,1740.135412
16,1844,1722.461540
16,1874,1451.596857
16,1953,1765.087622
16,1973,1800.771101
16,2172,1629.761667
17,65,2244.654013
17,1119,2408.093874
17,1198,2305.660539
17,1630,2346.636559
17,2124,2144.403178
18,1170,2411.473382
18,1588,2060.204947
18,2225,2361.761337
18,2683,2163.670001
19,363,1196.617189
19,531,1493.404223
19,1601,1750.559143
19,1765,1968.054296
20,405,2003.738381
20,735,1729.705626
21,74,1995.399828
21,1573,1860.941343
21,2327,2531.236633
21,2342,1970.381719
21,2652,1090.976781
22,796,2125.934638
22,1168,2086.316757
22,2115,1715.840639
23,1968,2563.182745
23,2305,2052.292970
24,291,2309.886217
24,670,2301.911564
24,1798,2202.793982
24,2560,2292.076665
25,703,557.514927
25,1582,1479.201569
26,831,1347.007993
26,1362,811.957101
26,2243,1408.006635
26,2694,1544.088382
27,772,1125.465245
27,884,1672.828004
27,2333,1140.271560
28,221,1711.457021
28,355,2687.274601
28,437,2130.323248
28,764,1782.129561
28,1534,2095.113234
28,2532,1979.888749
28,2560,2061.286643
28,2736,1907.871533
29,46,1663.847108
29,409,1685.956893
29,2448,1291.554637
30,750,1751.834185
30,1638,1845.104738
30,2088,1615.030112
30,2169,1769.167333
31,2087,1742.337691
31,2552,1939.826742
32,2236,895.980057
32,2549,725.494747
33,838,2160.047439
34,930,2169.483558
35,558,1997.988461
35,2653,2094.525360
36,1564,1210.220725
36,1993,1027.123763
36,2153,1221.368700
37,272,2376.148480
37,308,2261.195540
37,1264,2081.138576
37,2467,2095.211712
37,2483,2145.197349
37,2620,2049.260741
38,1552,2650.572801
38,2104,2665.321518
39,1068,1895.178199
39,1228,1976.600681
39,2298,2185.109419
39,2309,1959.300859
39,2756,1816.185371
40,1526,2123.365452
41,529,855.222568
41,1753,1213.159555
41,2083,967.529261
41,2129,891.645215
41,2195,1323.925101
41,2389,772.682745
42,238,2734.480394
42,380,2386.369927
42,817,2069.168190
42,1221,1965.686918
43,1107,2637.130276
44,377,2353.481861
44,2364,2542.795038
44,2617,2678.223425
45,117,2501.453885
45,881,2754.092683
45,1114,3055.068535
45,1630,2608.021841
45,2203,2630.565514
45,2218,2552.767478
45,2677,2822.899133
46,70,1705.077943
46,160,1549.881112
46,269,1642.894173
46,659,1581.992534
46,970,1617.640088
46,1961,1896.152804
46,2157,1421.652028
47,1287,751.948018
48,335,2540.144993
48,1865,2518.708370
48,2167,2429.985243
48,2349,3298.447783
49,538,2251.918508
49,1659,2056.309798
49,2580,2117.208680
50,494,1787.287877
50,2312,2295.798828
51,313,1512.259664
51,1043,758.153931
51,1380,1181.785831
51,1412,1921.733168
51,2234,1225.239992
52,514,1749.553877
52,887,1825.499158
52,2515,2554.521244
53,652,813.219540
53,1861,1378.643757
54,269,1589.959420
54,2041,1209.885025
54,2746,1498.909196
55,70,1314.357906
55,748,1347.753859
55,1730,1513.012261
55,2006,1498.023895
55,2742,1343.306008
56,521,2305.096774
56,1422,2136.652563
56,1490,2020.818424
56,2544,2474.383834
57,237,1295.275315
58,65,2675.330610
59,169,1879.827688
60,1207,1818.686134
60,1218,1742.314066
60,1432,1606.392508
60,1892,1559.407417
61,1796,2054.228760
62,151,2903.599630
62,779,2218.203552
62,1048,2350.847986
63,1338,1599.124294
64,1054,2414.163286
65,464,2478.743007
65,920,2435.135984
65,1211,2333.296113
65,1986,2108.414730
65,2558,2584.515997
66,1692,1362.422650
66,1832,1312.743435
66,2175,839.859986
66,2471,1480.253812
67,789,1933.566586
68,1208,1949.676334
69,1930,1695.358566
69,2129,1264.449194
70,346,1559.158209
70,692,1684.492095
70,842,1623.875103
70,1135,1570.663213
70,2150,1644.950258
70,2184,1432.995221
71,106,1319.887595
71,1648,1429.692031
72,1171,1171.857427
73,1802,2192.242501
73,1912,2250.867970
73,2059,2240.363500
75,454,1667.852475
75,788,2037.038896
75,1738,1737.313959
75,2488,1859.699874
76,264,1596.938918
76,1372,1741.286297
76,1804,1601.574577
76,2069,2227.489736
76,2230,1787.094686
76,2356,1581.846882
76,2502,2258.552661
77,236,1936.175572
77,1339,1933.872454
77,1737,2734.296052
77,1971,1934.688981
77,2326,2398.234551
78,719,973.715952
78,2132,1123.118873
79,1175,1535.173158
80,308,2355.967449
80,806,2469.673911
80,817,2396.953348
80,948,2803.866043
80,2030,2504.814692
81,1726,1762.174496
81,2020,1856.312509
81,2111,1910.275915
82,2136,1693.932062
82,2758,1241.540460
83,718,1283.162821
83,1249,1987.632828
83,1441,787.310906
83,2121,886.816551
84,95,1253.805551
84,1374,1295.567236
85,1035,2256.801261
85,1161,1079.684752
85,2003,2302.898064
85,2059,740.856182
86,2754,2116.307895
87,468,1896.644808
88,1905,1560.763063
89,1162,1741.590250
89,1267,2021.883543
89,1830,2063.773172
89,2286,2297.886991
89,2481,2341.481969
90,588,2361.451368
90,1911,2142.450149
91,771,2601.069297
92,2014,1947.926742
93,554,2416.119062
93,1795,2215.347610
94,1305,1328.144017
94,1545,753.353158
96,1247,2556.565299
97,725,1090.738336
97,2581,1439.824773
98,1013,1212.182877
98,2581,656.876754
99,277,1300.449887
99,710,1983.306865
99,1437,984.160686
99,2008,1388.661641
99,2285,1520.843912
99,2361,1373.231050
99,2565,1557.993682
99,2569,1218.509737
100,2362,2102.262801
101,1299,2101.080225
102,120,1835.962500
102,199,1919.238727
103,343,1922.872873
103,1126,1496.512640
103,2330,1746.147938
104,960,2485.028734
105,1232,2217.497185
106,303,1672.519124
106,307,980.430994
106,1449,1317.717181
107,327,1658.334190
107,2162,1665.380143
107,2319,1466.882235
108,257,2329.379187
108,1271,3352.448283
109,1620,345.887932
109,2418,301.766306
110,763,1392.635447
110,792,1873.846037
110,1027,1421.277891
110,1413,39.948530
110,1550,1407.696667
110,2145,1163.516961
110,2557,1772.367417
111,471,1321.632847
111,2400,1422.941651
112,263,1665.733514
112,372,1555.651592
112,612,1559.972639
113,200,2008.225277
113,950,2390.244675
113,1787,1936.873635
113,1849,2016.701463
113,2564,2504.163206
114,1673,1781.111514
114,1961,1896.448999
114,2160,1582.721511
114,2444,1956.968037
115,328,1950.760963
115,970,1879.980581
115,986,1952.410954
115,987,1865.527143
116,242,713.072488
117,390,2778.751570
117,798,2765.385040
117,1035,2469.403810
117,2736,2269.259769
118,1647,1487.895545
119,1068,1503.308674
119,2187,1581.792328
120,339,1616.261524
120,551,1543.655857
120,640,1473.220271
120,776,1558.672751
120,1000,1678.060523
120,1098,2179.400764
120,1155,1622.741508
120,1883,1481.423953
120,2641,1235.595609
120,2661,1678.473971
121,2431,2657.087112
122,2702,3094.330759
123,1135,1811.702442
123,2395,1908.430658
124,257,2200.075955
124,1029,2399.968893
124,1668,2302.846098
124,2533,2313.373928
125,1313,900.760141
125,1774,2175.370424
126,263,2016.623818
126,1473,1763.635689
126,1964,1335.920911
126,2207,1608.548952
127,245,2796.655296
127,1675,2328.715218
128,130,2472.981939
129,1116,1284.097785
129,2115,2101.523710
130,878,1952.627511
130,1094,1805.304053
131,2759,2448.739426
132,387,770.967098
132,959,942.330565
132,2288,1326.650079
132,2456,1041.075671
132,2495,1127.773873
133,1919,1979.668651
134,688,1459.099650
134,869,1459.004697
134,1100,1566.050839
135,704,2394.574986
136,226,1637.666879
136,247,1703.865552
136,346,1505.431593
136,582,1390.951198
136,896,1600.224131
136,931,1473.260871
136,1123,1592.485626
136,1322,1407.085390
136,1341,1197.777926
136,1348,1725.869946
136,1727,1919.150195
136,2184,1432.380681
136,2374,2033.966590
136,2644,1611.935363
137,1753,756.380671
137,1866,1436.207086
138,2170,2394.619684
138,2269,2458.654930
138,2699,2484.838363
139,149,2172.479362
139,1713,2148.762203
140,426,2347.062770
140,915,2531.082434
140,1178,2099.487764
140,1616,2182.489415
141,701,1402.676369
141,1265,1035.084978
141,1294,1290.584142
142,1966,1565.118756
143,726,1938.022883
143,964,1850.645177
144,2167,3102.992201
145,647,1144.081349
145,805,1024.631899
145,887,1418.536877
146,265,1395.873666
146,845,1625.636731
146,1978,1228.514661
146,2755,1888.488123
147,1655,2892.925506
148,339,1667.716729
148,693,1612.862165
148,1292,1705.364302
149,795,2128.161148
150,341,2387.321183
152,290,837.780483
152,462,1629.461097
152,1123,1433.159572
152,1603,1594.361574
152,1792,1452.577076
152,2055,1377.112008
152,2148,1593.126292
152,2651,1045.393137
152,2698,1326.727271
152,2766,1241.267840
153,1066,1997.140129
154,410,1491.956293
154,709,1756.676214
154,1167,1267.089325
154,1480,1791.253798
154,2348,2079.897912
155,944,2046.142056
155,1062,2092.412450
155,2035,2247.613025
155,2562,2110.319486
156,437,2196.489453
156,1225,2460.987635
156,2533,2261.822587
156,2560,2195.040391
157,1348,1876.546424
157,2348,2170.762259
158,1941,2494.466352
158,2524,2513.886973
159,2172,1870.470760
159,2439,1874.968661
160,864,1564.537059
160,1171,1520.838040
160,1536,1215.146502
160,2721,1548.271168
161,1521,2332.739357
162,1425,2423.133066
163,701,850.580582
163,2142,1323.582109
164,1729,1293.905159
165,2272,2239.502451
166,1004,1640.987876
166,1514,1390.054487
166,1950,946.474475
166,2081,1363.338002
167,699,1686.593138
167,1953,1716.387801
168,356,1280.407154
169,586,1368.190416
169,1088,976.629233
169,1752,1829.188207
169,2263,844.566259
170,787,1569.679744
170,916,1679.279724
170,1690,1379.507446
170,2238,1348.794936
170,2694,1666.435754
171,392,1871.237626
171,468,1874.836844
171,2546,2126.187999
171,2635,2071.251071
171,2709,1979.483429
172,691,2257.163976
172,2063,2659.236097
173,2139,1987.991960
173,2176,2385.211327
173,2305,1859.341927
174,494,1954.765314
174,1306,1516.086704
174,2133,2159.990909
175,812,1783.612723
175,1178,1843.789496
175,2590,1675.853294
176,255,760.646498
176,444,1870.824235
176,2638,710.716838
176,2744,788.132745
177,322,1138.739142
177,503,1257.929754
177,778,950.782151
177,1175,1254.492232
177,1541,1580.001069
177,1786,1119.226840
178,429,1532.707913
178,812,1106.372192
178,1063,1688.567968
178,2005,1111.362924
178,2047,1216.810193
179,1623,2807.135385
179,2104,2520.227810
180,237,1747.887982
181,1842,2136.883322
181,2307,2152.735279
182,741,2095.280549
182,1277,2215.961719
182,1683,2000.835186
182,2221,2454.300975
182,2386,2282.108161
182,2391,2180.276996
182,2592,2094.029130
183,977,2103.109874
183,1945,2194.448685
184,515,1247.767346
184,1536,1543.276465
184,1582,1542.041206
184,1609,620.467725
184,2487,1812.565470
185,1888,2414.160100
185,2741,1767.052144
186,1008,1565.644434
186,1635,1216.598188
186,1839,1445.725533
186,1905,1401.945651
186,2287,1597.484464
187,769,2442.910848
187,2307,2592.956199
188,588,2354.692213
188,930,2029.063888
188,1812,2039.642665
188,2419,1930.761384
189,873,1431.446700
189,1347,1971.643544
190,1977,2179.270456
191,1376,920.193144
191,1377,896.777457
191,1648,944.788662
191,1884,1353.174127
192,296,1500.172047
192,463,1335.361454
192,1305,1565.733322
193,463,1224.229540
193,587,1390.895460
193,1307,1549.555207
194,223,1092.615092
194,463,1641.907766
194,2387,1890.563292
195,964,1666.449661
195,2593,1199.561082
196,1894,1220.226218
196,2341,926.151916
197,903,2336.095754
197,1554,2549.605462
198,762,2200.145461
199,693,637.498436
199,929,1808.210984
199,2124,1953.486690
200,221,2013.023805
200,673,1980.040251
200,802,2052.635601
200,2752,2037.574487
201,2578,1160.933887
202,318,976.441791
202,678,1045.674048
202,706,809.314824
202,1331,685.731709
202,1346,1170.230290
202,1692,667.130808
202,1909,781.808356
202,2461,707.079811
203,350,2401.281349
203,1359,2373.303818
203,1903,2161.140002
204,754,1576.682085
205,1578,1902.945960
206,373,2237.880949
206,831,2168.910538
207,1712,1994.166374
208,954,2208.953869
208,2028,2241.337371
209,547,1557.271581
209,1259,1684.479794
209,1545,1426.772364
209,2187,1218.357990
210,253,2090.469528
211,778,1189.409312
211,1993,1222.216011
211,2458,1185.865194
212,988,1454.793185
212,1123,1385.867905
213,387,878.216315
213,400,1408.617884
213,1484,1197.236927
213,2568,624.353097
214,281,2191.589482
215,1815,1347.120579
216,544,1893.149086
216,935,2250.794121
217,1090,1436.122386
217,1343,1225.195752
217,2163,1262.025448
218,592,1213.136580
218,976,1521.184596
218,1071,1158.723968
218,1416,899.427927
218,1487,1373.237047
218,2212,919.769058
219,293,2401.840657
219,1054,1773.926825
219,2523,1772.148592
220,401,1113.068090
221,469,2420.356982
222,1431,1712.557549
222,1575,1310.932293
223,753,1666.769881
223,2139,1886.986097
223,2684,1549.038963
224,268,1503.242470
224,829,1302.916956
224,1217,1780.531966
224,1934,714.766884
224,2006,1447.746615
224,2237,1196.321679
225,385,1679.078297
225,1608,1376.895605
225,2251,1473.744553
225,2678,1270.805761
226,263,1559.022431
226,333,1773.336726
226,692,1540.324168
226,1443,2151.578221
226,1516,1759.117825
227,1688,2048.346373
228,732,2216.293390
229,1532,1253.981118
229,1771,1488.397242
229,1791,1573.265156
229,1989,1888.999725
229,2084,2099.076985
229,2136,1510.062760
229,2260,1518.815834
230,968,1827.140601
231,966,2431.181560
231,1176,1553.327205
232,309,1650.483018
232,730,2116.387434
232,846,1679.010905
232,938,1154.918739
232,2245,404.473614
233,2415,2090.399408
234,1782,1615.828196
234,2190,1607.542746
234,2241,1634.919881
234,2273,1330.088537
234,2471,1709.864443
235,513,1738.529013
235,2474,1732.651296
236,270,1764.683715
236,356,1762.941632
236,424,2197.697237
236,930,1897.286983
236,1594,1643.556444
236,1959,1517.607170
236,2124,1695.168714
236,2379,2210.168272
236,2439,1698.550660
236,2513,2114.047272
236,2534,1172.076488
236,2585,1775.450653
236,2754,1897.412861
237,324,1265.487097
237,447,1969.040514
237,1305,1318.490501
237,1753,1123.343038
237,2004,1233.935287
237,2187,1075.152073
237,2199,1371.903168
237,2682,1506.110489
237,2691,1399.549421
239,778,89.716271
239,1071,649.939703
239,1206,947.384528
239,1449,893.232155
239,2735,937.254611
240,304,1350.071990
240,413,2024.110954
240,1327,1610.773155
240,1452,1014.399984
240,1695,1610.890402
240,2231,2353.781965
240,2239,1172.641922
240,2717,2460.750887
241,1667,2166.721479
242,2041,1200.091007
242,2325,1368.059870
243,721,2546.305776
243,722,1884.262857
243,1054,1778.940562
243,2738,1899.835879
244,425,1847.206841
244,1640,2079.502677
244,1919,1987.630083
245,1170,2787.342250
246,1374,1601.062895
246,1887,1138.854264
247,1173,1626.251871
247,1207,1716.340990
247,1212,1411.375769
248,1704,1227.878957
248,2275,1212.189198
249,349,2005.532085
249,610,1793.743954
249,2402,1866.230649
250,1108,2602.924633
250,2381,2158.096575
251,2496,2251.889996
252,263,2560.355504
252,1226,1977.556782
253,1423,1853.179320
253,1713,1569.701588
253,2344,1526.918523
254,509,2239.004610
254,2701,2299.089734
255,1349,1566.348447
255,2393,1641.700172
256,826,1493.025365
256,930,1775.237532
256,1019,2084.022972
256,1068,1461.041087
256,1119,2018.881053
256,1166,1884.768105
256,1398,2073.474516
256,1677,1642.485175
256,2233,1518.460446
256,2431,1782.073797
256,2682,1464.132205
257,1054,2070.041869
257,1375,2180.511209
257,1787,1863.187832
257,1877,2553.437397
257,1956,2452.600970
258,283,574.314640
258,415,2031.395932
258,1701,1648.764263
258,1869,1721.049645
259,1417,2231.686092
259,1969,2344.962375
260,1181,2036.546050
260,2178,2190.172915
260,2409,2112.422054
261,2390,2429.815486
262,825,650.696178
262,1342,1556.641107
262,1582,1220.426794
262,1925,1523.191175
262,2059,1517.805242
263,472,2141.443068
263,1878,1585.358820
264,552,1584.145498
264,1208,1798.101971
264,1482,1733.205669
265,789,1442.853820
265,1313,1578.288507
265,2512,1594.487450
265,2634,1645.216608
266,1025,656.132291
266,1455,603.033542
267,783,1066.293375
267,1580,1463.567748
267,1607,2186.263496
268,700,605.873284
268,1908,1539.047355
268,2048,1298.554452
269,589,1428.315179
269,1212,1425.950695
270,618,1933.606982
270,1003,1811.353348
270,1684,2087.605309
271,391,2494.198122
271,1394,2399.739002
272,806,2382.999109
272,2699,2333.526246
273,959,487.188061
273,1212,1452.778704
273,1415,1283.847996
273,2206,1715.290983
274,1668,2750.799188
275,1842,2534.804254
275,2222,2567.196083
276,1683,2682.257251
277,353,1304.459444
277,2132,1255.893271
278,2010,285.939281
279,2305,1795.891157
280,2340,1611.045335
281,383,2040.615674
281,621,2365.444732
281,626,2677.414008
281,915,2443.826207
281,1658,2534.541063
281,1684,1692.464119
281,2172,2089.617738
282,875,2419.756561
282,2356,2222.396042
283,716,1837.662868
283,1875,1719.512508
283,2149,739.747658
284,2124,1730.070786
284,2318,2071.531998
284,2445,1987.788706
285,1263,1574.326326
285,1943,1543.032877
286,2690,2698.076526
287,633,2310.640552
287,2250,2747.717262
288,548,1356.898331
288,835,1571.520344
288,1803,1597.992061
289,601,2940.427132
289,2689,2991.603082
290,1664,1307.409633
290,2009,1127.903275
290,2195,515.923795
290,2308,1868.043690
290,2440,1329.427884
291,1264,2325.050778
291,1355,1091.238245
291,1498,1886.909119
291,2167,2255.047982
292,540,1681.119833
292,1642,1249.252171
292,1867,494.409748
292,1939,1673.009378
294,2035,2253.275643
294,2501,2785.831139
294,2562,2247.172812
295,801,2307.205140
295,2170,2453.198639
295,2176,2379.917843
296,333,1362.069834
296,587,1081.749242
296,707,1474.036340
296,821,1424.419541
296,939,947.418572
296,1357,1354.708193
296,1836,1033.520185
296,2132,1390.098617
297,2189,1777.613761
297,2303,1494.904221
298,1215,1817.597275
298,1497,1357.000025
298,1871,1523.204213
298,2366,1469.484512
299,1875,1798.992126
299,2372,1728.126690
300,1304,1848.845139
300,1731,1326.910464
301,1865,2795.987392
301,2562,2672.979865
302,356,1770.852059
302,594,2118.857681
302,930,1895.556778
302,1442,2292.474123
302,1720,1954.667984
302,1932,1954.400863
302,2227,1879.154589
302,2339,1975.057513
302,2562,1917.292827
303,573,1650.702047
303,761,1586.063726
304,1294,1194.545967
304,1389,1790.028698
304,1728,1612.038837
305,1738,1583.400081
305,2409,1084.014314
305,2488,1745.193083
306,613,1369.309734
306,625,1323.088164
306,678,1366.420006
307,592,1153.065616
307,1205,1776.752034
307,2465,2180.491219
308,1787,2200.598998
309,970,1675.181120
309,1458,1804.381909
310,991,292.571785
310,2666,201.581786
311,731,1832.017057
311,1367,1244.643386
312,801,1950.926118
312,1359,2304.251689
312,1450,1833.786523
312,1927,2072.259512
312,2259,1527.906880
313,767,1689.257928
313,1561,1902.643785
313,2241,1519.497042
314,1397,1702.393984
314,1695,1722.938739
314,1728,1244.736498
315,475,1393.921607
315,592,1427.318174
315,1648,1654.440157
316,337,1219.457859
316,358,1763.783016
316,1773,1774.725372
316,2229,1546.456948
316,2306,1712.546017
316,2415,1338.797100
317,1663,2162.069141
317,2560,1869.954465
318,1090,1381.749348
318,1330,1308.838495
318,2251,1529.969944
318,2509,1086.926534
319,1191,1571.411736
319,2182,1435.263433
319,2582,1487.865143
320,1275,1991.837419
320,1498,2047.718486
320,1751,2007.946613
320,2066,2015.527559
320,2076,2163.986287
320,2097,1972.505259
320,2276,2209.566787
321,519,2236.227810
321,960,2179.165856
321,2052,2015.109077
322,395,1481.721027
322,2062,1243.848262
323,1992,2690.815583
323,2067,2829.919339
323,2225,2660.643483
323,2639,2927.921291
324,511,1456.977878
324,936,1517.290892
324,1545,1360.893496
324,1902,1242.640963
324,2715,1464.088341
325,853,1415.611019
325,1387,1521.389769
325,1777,1421.576554
325,1983,1730.020114
325,2610,1494.960821
326,439,1580.826484
326,468,1283.298253
326,894,2120.590360
326,1499,1750.112034
326,1769,2134.529129
326,1811,2155.606527
327,650,1779.665653
327,677,1871.345064
327,2405,1515.831414
328,385,1814.870437
328,1181,1878.070047
328,1458,1837.863078
328,2369,1597.597432
329,1174,2069.664324
329,2445,2010.586928
330,2600,2246.565928
331,1126,1162.479554
331,1729,1130.220609
332,1441,1346.189912
333,1585,1541.400346
333,2739,1255.112383
334,856,2187.340960
335,1054,2288.598408
336,953,1919.811364
336,1017,229.044001
337,526,1527.733953
337,549,1213.673826
337,648,1632.493832
337,753,1534.378035
337,1164,1554.766632
337,1418,1507.900893
337,1749,1369.537973
337,2028,1554.727858
337,2259,1196.725823
337,2575,1649.968994
337,2656,1643.974305
337,2708,2715.848348
338,417,1854.001530
338,1156,1562.673425
338,1590,1965.313220
338,1892,1539.411666
339,1303,1634.428694
340,911,1355.456129
340,1060,1577.972578
340,2271,1667.713909
341,354,2225.478511
341,368,2359.602530
341,828,1504.547298
341,1131,2229.325406
341,1687,1929.224542
341,2430,1760.798944
341,2434,1890.788407
341,2620,1928.682601
342,1594,1849.980064
342,2124,1754.791524
343,1985,2036.260550
344,494,1743.435394
344,833,2141.524113
344,930,1909.501343
344,1097,1798.907544
344,1315,1970.866129
344,2356,1572.688630
344,2431,1864.352653
345,673,2157.948915
345,2257,2026.244664
345,2508,1720.196202
345,2631,698.216412
346,767,1698.024617
346,2166,1775.722845
346,2330,1480.494753
346,2414,1778.078926
347,800,1437.473702
347,1154,1596.281024
347,1480,1482.432692
347,2417,1615.285020
348,1057,1867.231326
348,1425,1958.705841
348,1944,1973.522883
348,2076,2017.695154
349,1734,1821.116595
349,2592,2019.561236
350,1180,2479.057182
350,1211,2642.760648
350,2558,2719.290631
351,837,2322.067955
352,1260,1315.871629
352,1752,1826.041468
352,2452,46.080018
353,1647,1358.138269
353,2079,1458.745374
353,2195,824.778184
353,2437,1612.943025
354,2460,2041.328513
354,2603,2125.519413
356,766,2504.790709
356,918,1982.135732
356,1168,2109.228451
356,1568,1995.139362
356,1971,2009.983969
356,2060,1998.032359
356,2635,2015.462448
356,2731,1979.463527
356,2759,1957.695071
357,964,1883.453231
357,1056,1525.323847
357,2084,1943.714804
358,389,1680.257784
358,2592,1762.189031
359,634,1996.007016
359,1332,1593.341155
359,1713,1412.636228
359,2271,1275.915779
359,2407,1651.569005
360,960,1803.949742
360,1270,1813.984289
360,2076,2083.176192
361,1552,2516.424210
362,1054,2190.358541
363,1140,1691.420237
363,1949,1575.493529
364,512,1273.899913
364,1234,1523.747858
364,1644,1304.520523
364,2626,1215.109655
364,2721,1538.926491
365,1430,1914.658138
365,2141,1873.868250
365,2390,1700.656393
365,2473,1792.206163
365,2532,1969.962423
366,1559,2249.588445
367,1024,2560.891918
367,1211,2633.329029
367,1984,2533.246288
369,737,1679.944071
369,924,1664.425744
369,1483,1683.781368
369,1686,1672.415286
369,1926,1648.826323
369,2496,1541.480069
370,829,142.661362
371,1466,1889.029669
371,1627,1995.587390
371,1949,1769.592295
371,2066,2125.784101
371,2097,1925.904853
371,2113,2051.814583
371,2483,2067.175847
371,2538,1966.184012
371,2620,1876.761665
372,921,796.894393
372,1614,969.553141
372,1815,1271.506337
372,2316,1177.408347
373,1236,1726.826783
373,1936,2058.475655
374,410,1417.954471
374,1363,1795.558744
375,1748,618.585158
376,1140,1765.479136
376,1949,1289.136557
377,888,2286.341625
377,1705,2289.963989
377,1787,1981.571096
378,1592,842.035024
378,2054,1349.490056
378,2239,1180.479476
378,2540,866.457478
379,2039,1756.578957
379,2062,1405.372670
379,2185,1315.363320
379,2263,1432.317804
381,571,1182.906767
381,782,682.856219
381,1343,1217.739280
381,2099,962.855745
381,2163,605.184310
381,2499,1533.893240
382,2340,1809.815687
383,1094,2006.370979
384,1637,1611.542251
384,1950,1487.897000
384,2377,900.536070
384,2464,1499.645368
385,803,2083.540710
385,1320,2087.414355
386,1422,2281.798047
386,2051,2304.152517
387,1494,1745.608618
387,2721,1482.778352
388,1041,654.208572
388,1909,666.102019
388,2767,1380.307391
389,610,1647.450803
389,693,1762.621199
389,1251,1936.808782
389,1511,1845.470173
389,1544,1742.905905
389,1948,1772.788629
390,1324,2017.980573
390,2639,2906.328550
391,2551,1821.204339
392,1052,1975.293913
392,1470,2007.279731
392,1496,1612.952464
392,2356,1636.132620
393,955,2552.199670
393,2194,2480.752164
394,529,1691.296603
394,1275,1791.057729
394,1289,1965.101391
394,1496,2019.835137
394,1762,1919.445454
395,926,1582.271187
395,2014,1562.810104
395,2567,1985.768102
396,1782,2148.978573
397,767,1767.325905
397,1516,1603.151096
397,2095,844.416110
397,2330,1710.972434
397,2469,1666.152117
398,2467,2303.897981
399,527,1799.536407
399,1981,1856.174644
400,700,1339.221630
400,1428,1289.994284
400,1445,1071.459825
400,1819,1283.118087
400,1925,1253.826830
400,1981,1270.130254
400,2721,1136.528049
401,540,1672.465863
401,855,1555.560148
401,975,1352.462383
401,1338,1665.939901
402,627,956.613116
402,642,1306.592556
402,1598,2029.077086
402,2388,1644.532868
403,903,1939.820523
403,979,1269.201998
403,1112,1551.244904
403,1163,421.977833
403,1790,1217.458862
403,2081,1179.103513
403,2634,1422.397534
404,411,2039.610109
404,1953,2053.737532
406,596,993.303255
407,1566,1833.332266
407,1861,1512.054193
407,2398,1538.187609
408,1291,2650.693217
408,1439,2179.438616
408,2356,1833.977129
409,2521,1554.165098
410,987,1802.723869
410,1228,1380.142949
410,1961,1996.163027
411,519,2219.209115
411,811,2176.667219
411,1570,1921.096566
411,1599,2229.904186
411,1952,2499.281254
411,2030,2365.781450
412,896,1753.461526
412,956,1931.308803
412,2471,1781.548325
413,1560,2705.197741
414,843,1256.105302
415,2092,1952.936315
416,1675,2045.018239
416,2752,2089.536569
417,1694,1795.799654
417,2643,1074.487054
418,707,1370.963201
418,862,1175.439323
418,1307,1461.137140
419,1986,2100.631901
419,2534,1226.744489
420,566,714.659621
420,1629,772.647173
420,2163,623.312056
421,2294,2090.586920
422,2523,1979.969843
422,2615,2159.555623
423,1895,2230.297093
425,1347,2034.362650
425,1443,2088.316460
425,2767,2067.783168
426,2068,2372.135538
427,1480,2000.268524
428,1422,2319.965162
428,2542,2513.148548
429,761,1531.512735
429,1212,1579.023865
429,2279,1583.538003
430,741,2003.670441
430,1822,2376.079425
430,1889,2440.598523
430,2204,2329.932891
431,1936,1921.753275
432,501,1633.060543
432,2032,1574.108880
432,2586,1415.496311
433,1024,1606.119069
433,1053,2244.275408
433,2600,1878.968403
433,2640,1668.930706
434,2119,2732.131074
435,1570,2437.253238
436,493,1921.689958
436,1220,2121.754129
436,2066,2022.843167
436,2423,2480.702226
437,937,2515.009329
437,955,2188.043313
437,981,2403.993466
437,1903,2176.380211
437,2517,2316.308945
437,2639,2893.538615
438,2295,1914.233169
439,1176,2421.661322
439,1232,1647.579743
439,1245,2045.391832
439,1393,1571.454143
439,1941,1676.029334
439,2532,1665.037651
439,2615,1989.691107
440,964,1256.937962
440,1107,1569.120185
440,2574,679.046045
441,2485,1796.518950
442,736,1814.300123
442,1744,1566.221959
442,2233,1416.305354
442,2575,1560.105870
443,448,2281.041354
443,576,1733.169041
443,909,2056.041962
443,1054,1735.605373
444,1587,2372.095438
444,2353,1928.341857
445,459,1763.800834
445,525,1769.365412
446,874,2131.446657
447,1622,2120.930243
449,486,2441.970501
449,1958,1636.023091
450,1936,2106.239217
450,2560,2043.333093
451,567,1876.800891
451,2562,2250.024279
452,796,1618.205420
452,2132,1039.083620
452,2195,914.253135
452,2400,1379.094822
452,2649,1015.021074
453,2653,1797.234687
454,492,2035.738980
454,753,1648.004649
454,2233,1589.715984
454,2575,1588.510623
454,2726,1967.912333
455,1149,2023.500124
455,1498,2303.404163
455,2613,2169.119920
456,2148,1382.394276
457,1282,2098.593048
458,808,2211.725619
458,1073,1965.343589
458,1727,2228.719633
459,695,1605.489825
459,1667,1649.004906
459,1681,1589.964065
460,463,1443.693000
460,2004,1252.882918
461,1668,3455.762275
463,553,1429.032501
463,1403,1388.596162
463,1633,1534.886236
463,1836,1348.873059
463,2079,1517.333184
464,809,2526.947823
464,1180,2406.135076
464,1630,2476.476600
464,1984,2718.267021
464,1998,2406.250992
464,2344,2265.223715
465,1936,1923.609888
466,1346,1558.817075
467,1469,2087.744334
467,2351,2118.802598
467,2650,1906.658413
468,828,1686.665406
468,1742,2383.741176
468,2114,1858.908215
468,2378,1542.047001
468,2671,1832.870814
470,1193,1739.289724
470,1215,1889.178511
471,685,1459.581153
471,1414,1021.396291
472,680,2016.243107
472,726,1947.312783
472,1890,2241.224912
473,1049,2171.828430
473,1579,2432.526511
473,1824,1994.753603
473,2397,2393.703406
474,1505,878.128009
474,2200,481.539253
475,502,1839.244288
475,923,1673.440086
475,976,1378.196906
476,603,1690.718616
476,1833,935.378886
477,1047,2608.020548
477,1258,2145.535659
477,1411,1620.453446
478,2675,1958.843832
479,1007,1982.246969
480,540,1666.433100
480,596,1715.707991
480,855,1474.381118
480,2579,2078.202215
481,794,2301.095770
481,1626,2190.052651
482,1096,2228.915305
482,2305,1634.553912
483,1173,2274.681321
484,660,1903.843346
484,1179,1085.941964
484,1387,1559.385369
484,1745,1125.919629
485,1260,1418.963149
486,1053,2301.698714
486,2233,1990.436751
487,1133,2017.099353
487,1903,2103.608598
488,582,2277.049037
488,1044,2700.536837
488,1590,2315.201991
488,2557,2344.134802
489,2551,1824.134331
490,509,1678.238033
490,1862,2120.841217
490,2028,2086.013993
490,2751,2162.859245
491,931,1531.843255
491,988,413.391214
491,1458,1848.800425
491,2073,1577.615696
491,2298,2169.390750
491,2487,1216.954557
492,2176,2327.324365
493,2347,2332.610752
493,2577,2288.119213
493,2601,2035.270385
494,649,1822.096089
494,768,2117.539301
494,1000,1781.284853
494,1033,2439.446929
494,1568,1956.788810
494,1599,2088.144819
494,1820,1852.296290
494,1858,2254.323264
494,2080,1803.345149
494,2696,2203.458634
495,2299,2434.166272
496,916,2232.909241
497,2378,1843.320471
498,1621,1745.232824
498,2388,1644.782343
499,508,2224.888149
499,1824,2205.784406
500,1054,1748.698758
500,1717,1817.778041
501,901,1641.368240
501,1123,1699.841842
501,1839,1714.892075
502,982,413.056837
502,1473,1881.031225
502,1673,1643.917907
502,1982,1632.076783
502,2207,1999.883821
502,2518,1971.773800
503,592,1135.104160
503,1428,1208.328728
504,888,2530.839745
504,2277,2566.916179
505,1082,2350.619114
505,1818,2484.804544
505,1962,2102.012667
506,1461,1563.067694
506,2018,1419.793317
507,653,1773.728404
507,935,1704.827639
507,1608,1576.222482
507,1648,1543.049689
507,1771,1846.587803
507,1878,1471.538925
507,2598,1421.767312
508,978,2210.127798
508,2337,2241.910308
509,2192,2160.136371
509,2551,2083.381206
510,986,1809.847035
510,1640,1805.236976
511,1076,1509.124927
511,1184,1439.789893
511,1633,937.016759
511,2159,1430.001673
511,2310,1420.341138
511,2477,1715.382424
512,782,1214.838333
512,1440,718.300097
512,1686,982.964976
512,1914,1090.175161
513,1838,2100.983774
513,2259,1491.796460
514,899,1878.306493
514,1509,1332.424253
514,2496,1596.782418
515,706,1378.062206
515,827,1544.749120
515,922,1745.825807
515,1147,2050.843993
515,1156,1763.908921
515,1603,1552.552637
515,1726,1063.368308
515,2024,1520.235093
515,2356,1681.118743
516,556,1576.681576
516,2187,1639.256919
517,1465,2448.016865
517,1474,2176.449250
517,2388,2038.453925
518,781,1469.117159
518,1089,2199.817517
518,1543,1272.002277
519,1178,2005.413977
519,1324,2303.230601
519,1940,2702.616429
519,2720,2058.990669
520,540,1967.306671
520,1515,2321.064464
520,1612,2771.465140
520,2095,1587.897492
521,711,2543.766297
521,1448,2508.349639
522,676,1803.248947
522,2094,2029.048672
523,908,1594.725900
523,1472,1819.376279
524,2718,1830.946624
525,612,1519.264285
525,1913,1287.006121
526,1675,1767.705040
526,1841,1997.003564
526,2025,2337.879716
526,2321,2066.989715
526,2427,1661.773514
527,624,1318.117310
527,908,1335.674245
527,1608,1401.774890
528,2229,2102.165090
528,2637,2086.382873
529,712,1816.757732
529,2021,1337.173954
529,2160,1385.546222
530,677,1787.354470
530,855,1471.503936
530,1254,1443.553018
530,2031,1803.948394
530,2250,1725.951523
531,1949,1538.586210
532,603,1655.314221
532,707,1626.952033
532,1421,1030.795334
533,1494,1693.104619
533,2541,1641.491828
534,2529,2237.630938
535,1284,2058.553073
535,1466,1916.569040
535,2483,2110.630513
536,830,2014.653264
537,823,1964.955767
537,1051,2264.553460
538,1213,1425.755125
539,1387,1651.344834
539,1445,1350.686524
540,1102,1731.742875
540,1890,1694.027068
541,1773,2293.894513
542,1573,2011.398484
543,1861,396.594599
543,2363,1595.726873
544,994,1503.051150
544,1107,1336.196866
544,1494,1098.692215
544,1526,1846.739392
544,2145,1824.654639
545,843,1623.154205
545,1919,1775.066399
545,2186,1884.065158
545,2512,1656.646591
546,2528,2323.008433
547,2159,1702.514102
547,2287,1480.415908
547,2348,2053.492727
547,2408,1917.046868
548,1730,1303.559069
548,2006,1289.674701
548,2021,1270.027422
549,610,1636.532501
549,775,1849.536925
549,1210,1935.929494
549,1997,1931.516978
549,2036,1383.716304
549,2551,1202.141903
550,1948,1591.169867
550,2710,1457.334679
552,712,1863.669765
552,741,1873.310832
552,1588,1584.964118
552,2612,1966.538597
553,2201,1609.822280
554,2375,2462.790861
554,2401,2607.236498
554,2524,2468.773831
555,1695,1423.067124
557,579,1901.072563
557,1229,2221.328165
557,1473,2289.602170
558,706,1879.880192
559,1640,2227.279081
559,1864,1581.972230
560,1106,2507.092045
560,1856,2369.335049
561,1294,957.359779
561,1583,1402.043139
562,1287,845.470362
563,1319,1377.223402
563,1357,1636.630069
563,2082,1239.603791
563,2289,1070.833558
564,1910,1625.882554
565,1215,1921.394542
565,1982,1737.838506
566,1692,438.739363
567,907,2146.028473
567,1345,2476.850904
567,1858,2451.188328
567,2457,2383.934314
567,2502,2493.567042
568,720,1936.737199
568,1444,1818.743381
568,2469,1805.337291
569,2198,2188.489873
570,1516,1296.978150
570,2408,1872.275580
571,1206,1026.884304
571,2062,1307.333625
571,2212,1062.681145
571,2549,1310.599812
572,993,2278.399004
572,1282,1705.435443
572,1520,1512.656277
572,1676,1336.402987
572,2448,1176.974007
573,1023,1802.867084
573,1066,1264.578356
573,2410,1502.888021
574,2746,1399.943260
575,1396,2383.898597
575,1568,2059.741334
576,2343,1324.473761
576,2698,786.720016
576,2764,1347.608040
577,2523,2246.747766
578,1931,578.986254
578,2263,775.388649
578,2625,1362.630810
579,883,1195.624889
580,1685,2223.872584
581,2254,2110.700620
581,2355,2439.831940
582,2518,1935.376852
582,2522,1619.517301
583,2761,2259.267267
584,1588,2050.905279
585,732,1916.103950
586,1947,1569.211118
587,1103,1160.303544
587,1543,1181.945998
588,808,2357.548532
588,1280,2634.120615
589,731,1625.534679
589,1644,1433.466505
589,2268,1440.674050
589,2400,1387.195576
590,2369,2181.007591
591,1875,1921.852040
591,2368,1892.867757
592,720,1573.268316
592,1791,1468.293289
592,2300,1401.210024
592,2302,1243.879833
592,2377,1387.888592
593,1121,1587.064197
594,750,2193.528192
595,1239,1708.122541
595,1449,1354.250850
596,923,1678.000437
596,1338,1718.361470
596,2363,1669.392293
597,1946,1675.839572
597,2509,1270.361654
598,643,1670.781915
598,834,1424.351816
599,620,1350.070408
599,2185,1381.915612
600,2754,2214.884481
601,817,2099.808407
601,1422,2205.942252
601,1757,2525.460631
601,1816,2259.228245
601,2291,2133.537569
602,981,2439.186570
602,1264,2253.269223
602,1378,1834.812290
603,2484,1559.509281
604,2159,1429.080194
604,2543,663.619313
604,2716,1214.581386
605,1635,1230.277597
606,1320,2460.483970
607,941,396.071748
607,1620,1060.139473
607,2758,1189.213024
608,1729,1580.301001
609,1668,3108.501916
610,978,1818.764487
610,1094,1759.158827
610,1773,1457.726404
610,2760,1724.456974
611,698,3614.742423
611,966,2841.773591
612,1426,1422.804897
612,1606,837.482966
612,1839,1406.431471
613,1116,699.913133
613,1937,1295.134163
614,668,1648.403103
614,1007,1737.532017
614,1083,1692.749947
614,1094,1761.209937
614,1164,1394.017337
614,1256,1671.921299
614,1418,1602.326119
614,1463,2788.322475
614,2494,1661.575742
614,2614,2265.883541
615,2746,765.074625
616,889,2351.524664
617,820,1115.221966
617,1535,992.305118
617,1574,242.472025
617,2148,1146.531636
617,2160,1548.854662
618,929,1818.763344
618,978,1878.777452
619,725,1339.352955
619,853,1146.542034
619,1387,1565.231721
619,2169,2118.069392
619,2549,1806.534077
620,1801,1341.449315
620,2328,802.057869
621,2291,2193.689848
622,1422,2261.700706
622,1680,2863.362974
622,1842,1821.611426
623,1079,1856.864540
623,2281,2165.288095
624,1086,1078.895893
624,1813,1482.443681
624,1894,603.232484
624,1946,1664.526839
624,2496,1650.612979
625,786,1288.417692
625,1041,1188.143939
625,1446,1261.381883
625,1832,1222.915722
626,809,2780.525523
626,2741,2723.475491
627,1671,1917.825134
628,1675,2357.667813
628,2192,2276.449389
629,1864,2231.541138
630,638,1903.898628
630,2474,1845.815477
631,2021,1240.082384
632,1841,2124.004379
632,2356,1788.914960
632,2375,2243.628310
633,743,2182.602109
633,1295,2372.421989
633,2231,1063.656851
633,2307,2246.491801
635,2100,2482.252116
635,2318,2484.059420
636,1303,1719.882585
637,1344,1535.043561
637,2165,2036.331883
637,2223,1453.065845
637,2553,1445.179696
638,1709,1450.711546
639,2263,1202.526458
640,823,1703.922139
640,1115,1849.079459
641,2634,1848.393590
642,1004,1884.930577
642,1012,1824.270040
642,1231,967.320605
642,1621,1552.376833
642,2380,1757.297109
643,1122,1599.961285
643,1979,1684.690581
643,2393,1135.866497
643,2638,1606.370117
644,2315,2290.530242
645,2378,2092.783594
646,783,1340.174536
646,1550,1699.019824
646,1583,1527.860015
646,1600,648.227155
646,1861,1526.316964
647,719,1104.806100
647,1699,1173.426099
647,2073,1380.012240
649,1221,2247.072466
649,1658,2236.804212
649,1795,1850.002573
650,2382,1300.002983
651,703,1500.706052
651,1171,1129.565079
651,1987,1248.067105
652,2755,1739.503934
653,1640,1842.936464
653,1882,1814.094422
654,2570,2465.875146
655,2443,968.523565
656,679,1169.742318
656,2367,1465.571068
657,2305,2252.758752
658,968,2013.860688
659,1631,1663.814648
661,1171,1198.703410
661,2520,1620.946052
662,1896,1212.658365
663,1000,1905.944770
663,2046,2669.683519
663,2203,2138.691512
663,2486,2059.717853
663,2513,2039.321620
663,2656,1960.843681
664,797,2040.333645
665,990,2365.952334
666,1504,2403.485808
667,1017,249.924358
667,1625,2299.389036
667,2167,2350.705394
667,2567,2261.592949
667,2720,2303.996442
668,928,2119.126612
669,1588,2235.350482
670,1321,2090.718965
670,2104,2115.073371
670,2316,2100.607381
671,1693,2242.219010
672,2188,1078.170117
672,2743,578.695696
673,886,2387.496272
673,1011,2682.552111
673,1054,1709.918304
674,2660,1063.566737
675,770,1272.234155
675,1740,1317.988684
675,2243,1309.706379
675,2516,1364.955849
676,1190,1804.089796
676,1393,1690.891910
676,1790,1698.901773
676,2136,1732.179177
677,1781,1764.595026
678,964,1536.901039
678,1057,1595.356720
678,1275,1599.100344
678,1321,2053.391383
678,2058,994.344551
678,2279,870.093794
679,1120,1891.193842
679,1980,1431.830061
679,2750,1147.855719
680,973,1483.229673
680,1556,1985.782472
680,2685,2071.531313
681,1901,1999.005366
681,2111,1694.075527
681,2489,1882.968081
682,1821,1933.435537
682,1948,1652.719949
683,1219,1447.310853
683,2140,839.312515
684,2066,2105.740462
684,2577,2118.298613
685,1103,1492.612624
685,1524,1181.234911
685,2050,1575.419507
686,1825,1541.240221
686,1929,1112.045987
686,2153,1464.463777
687,1083,1871.704061
687,1269,2010.522629
688,1237,1554.875178
688,1591,1183.160320
688,1744,1275.566014
688,1768,1485.976821
688,2187,1225.617243
689,835,1482.474317
689,1084,1598.276446
689,1585,1774.656060
689,1699,1320.865976
689,2366,1347.606504
689,2479,722.916918
690,2334,2104.850816
691,722,2599.419360
691,2216,2066.014516
692,1377,1178.443624
692,1699,1629.029720
693,1844,1860.952308
693,2122,1837.093634
694,1163,1436.249628
696,1213,806.933308
696,1899,1271.062090
697,1014,784.003980
697,1179,1309.711576
697,1647,1723.636208
697,1812,1586.767683
699,1653,1830.293716
699,2123,2093.173450
699,2415,1370.999755
700,849,1266.433138
700,908,587.416189
700,2520,1318.512116
701,751,1294.632724
701,2223,525.363111
702,1126,1235.477490
702,1386,1357.978259
702,2212,1098.447355
703,1591,1534.410835
704,2748,2189.318359
705,1390,2232.291009
705,1588,1628.956801
705,2230,1644.871146
705,2254,1545.593394
705,2389,1680.001235
706,1856,1692.897642
706,1905,1074.184590
706,1936,1443.278427
706,2255,1795.346817
706,2288,1414.301905
706,2361,1375.856911
708,941,1275.068663
708,2319,1393.307085
709,987,1756.009742
709,1615,1616.312432
711,1353,2418.507683
711,1560,2709.356355
711,2759,2408.736267
712,876,2533.048966
712,2560,2103.196865
713,732,1939.044429
714,1854,2200.333090
714,2229,2017.611324
714,2312,2343.890759
715,1738,1517.456823
715,1817,2196.845658
715,2124,1877.637594
716,1199,1564.767310
716,1269,1861.108378
716,1918,1672.484117
716,2061,2360.055283
716,2160,1581.409695
716,2700,1708.448587
717,1432,2014.057858
717,1866,1735.224859
718,737,1629.465010
718,1664,1340.579880
719,831,1493.293842
719,1154,1585.636869
719,1972,1198.020257
719,2193,1261.705347
719,2417,1206.142698
719,2479,1216.376790
719,2649,1122.129867
720,896,1683.907515
720,1867,761.883465
720,2330,1486.489335
720,2393,1843.215776
722,1944,1754.168048
723,934,2051.376003
723,1099,1932.450935
723,1282,1725.572255
723,1378,1750.315129
723,1478,2394.292256
723,1503,1961.318586
723,1663,2178.788860
723,2736,2053.979250
724,882,2102.812565
724,1435,708.870250
724,1670,2159.846455
724,2239,2085.182345
725,747,1483.144011
725,1777,1229.587304
726,872,1877.824431
726,983,1914.409012
727,1000,1707.879648
727,1034,2364.158075
727,1688,1776.739696
727,1824,1648.263260
728,1770,1888.842795
728,2342,2170.693006
728,2421,2081.080173
729,2382,1280.251075
730,777,2099.801210
731,1316,1056.977074
732,1639,2254.958789
732,2259,1276.732887
732,2426,1732.478544
733,1387,1590.730995
733,2162,1518.656776
733,2328,740.473310
733,2679,1353.924884
734,1019,2132.104282
734,2080,1536.039561
734,2534,1894.938357
735,1005,461.473587
735,1540,2070.301724
735,2070,2088.513455
737,1739,1395.619807
738,1620,1393.343010
739,1004,1838.239738
739,1861,1442.143968
739,2398,1298.287182
739,2673,1610.644593
740,2059,2198.855464
740,2291,2327.909290
741,807,2358.690855
741,1829,2681.391584
741,2761,1978.772048
742,889,2012.764764
742,960,1929.876931
742,1749,1914.890701
743,1038,2445.122430
743,1559,2266.656196
743,1842,2114.732552
744,2093,1361.592080
744,2121,909.972251
744,2660,1277.373377
745,965,1718.307120
745,1317,2916.859458
745,2554,2673.893763
746,1675,1917.752698
748,1040,1692.618308
748,1444,1256.300738
748,1929,1357.746187
748,2171,1569.747577
749,2346,2595.652857
749,2725,2577.518186
750,2581,2048.562449
751,870,1014.266358
751,1438,814.724859
751,2142,923.582440
751,2175,1349.143671
751,2485,1289.658614
752,1302,2899.904750
752,2507,2859.222320
753,1891,1526.404708
754,789,1027.391216
755,874,1566.389464
755,1041,843.478309
755,1851,1062.075122
755,2319,1259.453205
755,2693,1104.537536
756,1523,1552.760692
756,1710,1293.124529
756,1739,1418.069726
756,2220,1190.578030
757,1298,651.000698
757,1646,1053.180019
757,2047,1106.603558
758,2664,2214.269123
759,1116,1128.682340
759,1193,1400.860120
759,1421,1596.653143
759,2127,1559.892754
760,1054,1671.430311
760,1158,1966.797528
761,1175,1561.071710
761,1893,926.596559
762,1009,2319.257518
762,1351,2575.435913
762,2690,2201.966015
763,843,1630.493285
763,1107,1611.087804
763,2077,2021.474101
764,1650,2588.420259
765,1564,1235.756892
765,1729,1192.352425
765,1887,1233.977850
765,2283,1551.838977
765,2750,1201.593620
767,830,2415.450143
769,1945,2724.538710
770,2328,648.044354
770,2743,737.137199
771,1864,2164.240758
771,2052,2320.460100
771,2269,2199.330943
772,2508,1873.592561
772,2634,1777.966837
773,1953,1920.212105
773,2254,1624.953379
774,1269,2161.542360
774,1584,2396.073389
777,2020,1892.276990
778,790,665.351796
778,1913,1104.466195
778,2223,1323.510181
779,2214,2099.608572
779,2620,1912.136839
780,2228,669.170993
780,2241,1471.580960
781,951,1404.091072
781,1142,1508.211343
781,1969,2196.056783
781,2032,1578.407201
781,2648,1642.592806
782,1206,1044.033907
783,2238,1636.342223
783,2398,1702.454717
784,1953,1719.899496
785,877,2113.852301
785,920,2397.424791
785,1198,2253.722661
785,2379,2290.359012
786,873,751.395779
786,1202,463.505871
786,1417,1777.916619
786,1569,529.619995
786,1993,1265.075541
786,2041,1183.933433
786,2058,1293.364494
786,2757,1317.481993
787,2093,583.255638
788,2203,2130.915971
789,1766,631.846059
789,2075,1741.072709
789,2295,1438.981646
790,1101,593.838206
790,1471,1413.377604
790,1993,1207.704374
790,2688,672.074121
790,2693,1028.107566
790,2728,887.292168
790,2743,949.591407
791,1738,1856.802158
792,803,1291.972503
792,2226,2405.967592
793,906,1793.982933
793,1127,2088.305580
793,1256,1619.983544
793,2381,1733.397693
794,1046,1638.593670
794,2174,2060.564948
794,2747,1539.956030
795,1423,1974.738360
796,2024,1574.580084
797,1037,1930.212716
797,1042,1626.091363
797,1393,1731.960048
799,893,2590.897961
799,1454,2333.689176
799,2035,2848.661786
800,1172,1568.732904
800,1305,1180.169825
801,2392,2257.540589
802,2690,2170.838303
803,1672,2057.585472
803,1985,1736.617249
803,2078,2316.859409
803,2755,1897.154973
804,1094,2363.363065
805,1330,1194.160661
805,1456,1568.663239
805,1525,1265.528265
805,1836,1286.088741
805,1898,1470.760005
805,2132,1221.789063
805,2343,1103.338500
806,1009,2232.471963
806,1499,2350.319650
806,1552,2240.465426
806,1668,2206.655291
807,2110,2725.594238
807,2217,2374.878422
808,832,2509.866793
808,996,2259.208417
808,1626,2148.888870
809,927,2670.462735
809,1881,2633.461709
809,2144,2526.530898
810,1536,1582.727834
811,2281,2278.152789
811,2720,1976.907109
812,1157,1163.817432
812,1542,1112.626019
812,1770,1541.555847
812,2234,906.267543
812,2266,709.006027
813,1501,2561.984241
814,2735,1287.914296
815,1918,2515.971143
816,1060,1573.380124
816,1611,1406.628703
816,1682,2029.886930
816,1709,1122.136458
816,1966,1234.342802
816,2383,1599.128550
816,2415,1286.041793
816,2641,1143.149649
816,2674,1537.992345
817,1649,2507.503866
817,1787,1975.541341
817,1795,2121.192991
817,1842,2058.126708
818,2395,2246.063780
819,1612,2763.918985
819,1806,2727.034395
819,1846,2871.515202
819,2632,2255.403212
820,1279,1910.894495
820,1618,1091.709244
820,2132,1521.319036
822,843,1971.273527
822,2015,2199.646173
822,2335,669.453223
822,2519,1683.052260
823,978,1767.066489
823,1000,1487.828163
823,1292,1699.855156
823,1874,1773.753876
823,2012,1628.248718
823,2042,1621.879042
824,1173,1432.943110
824,2521,1716.098777
826,1744,1578.219700
826,1962,1214.291002
826,2059,1364.973165
826,2657,2017.534403
827,1168,1848.311755
827,1722,2701.966078
828,985,1847.146525
828,1232,1693.175851
828,1928,1629.367371
828,2134,2044.217198
828,2357,1897.954024
828,2371,2324.722308
828,2497,1434.880426
829,1266,1751.492006
829,1908,1708.220715
830,1506,2616.433241
830,1515,2149.287845
830,2421,2106.883911
831,1437,1479.211311
832,1504,2591.293792
833,868,2189.916190
833,881,2761.288202
833,1118,2147.565591
834,1522,1984.862712
834,1714,1556.244663
834,2078,2020.254360
834,2393,1680.164356
834,2718,1928.257142
835,1475,1562.005868
835,2369,1605.451559
835,2522,1499.016705
836,2635,2706.281000
837,1162,2114.684818
837,1696,2111.566311
837,2526,2269.438734
838,1198,2488.980323
839,1547,1138.339548
839,2691,1331.611058
840,1185,850.084215
841,966,3073.590029
842,2032,1641.448070
842,2160,1356.153187
842,2325,1097.745151
843,1031,2258.844313
843,1091,1679.755714
843,1163,1634.286769
843,1474,1844.103628
843,1978,1748.745742
843,1988,1617.260161
843,1994,1639.556813
843,2109,1689.857953
844,959,1187.080676
844,1664,1454.087898
844,2316,1393.505949
845,942,1836.080821
845,1243,1031.954179
845,1494,627.927143
845,2329,1478.731656
845,2359,1411.928353
846,1279,1809.224365
846,1853,1621.580692
846,2210,1837.815616
847,1588,2100.727112
848,1744,2211.288149
849,1716,1658.990786
849,1791,1501.332632
849,1929,809.047190
849,2136,1563.463474
849,2491,1480.773497
849,2711,1666.666164
849,2767,1577.617368
850,1184,1228.939777
850,2187,1496.093814
851,1544,1438.929687
851,1553,1883.614710
851,1735,1692.319152
851,2474,1655.216309
852,1009,3290.560945
854,1062,1997.443966
854,1889,2422.012369
855,1066,1095.002311
855,1532,1523.667457
855,1754,1588.586463
856,1141,2160.427973
856,1149,1954.244488
856,1360,2016.135159
856,1625,2131.817483
856,2126,1987.921674
856,2248,2028.310879
856,2514,2065.831964
857,2343,1248.860644
858,2517,2231.933438
858,2675,1941.042345
859,2493,2669.912512
859,2566,2462.324228
860,989,2687.194994
860,1842,2424.832956
860,2413,2921.354437
860,2542,2309.552727
861,2173,820.237526
862,1319,1200.849908
862,1421,1617.700795
862,1633,1546.308292
862,1674,1298.219119
862,2205,1119.237190
862,2385,1694.129573
862,2691,1173.376131
863,930,1911.684145
863,1626,1508.774814
863,1656,1959.980490
863,2124,1942.237649
864,1428,1322.160429
864,1681,1303.309750
864,1876,2070.450782
864,1929,1321.237018
864,1993,1445.515295
865,2298,2083.237377
866,1243,1226.185575
867,880,1969.587651
867,1538,1348.152462
867,2516,874.176849
868,1269,2342.219295
869,1237,1426.399247
869,1902,1513.977482
869,2246,779.638004
869,2297,690.034278
869,2316,1508.617618
870,1445,1457.024039
870,2238,1223.783430
871,2357,2380.598111
872,1731,936.422426
872,2568,949.253239
874,1697,1050.836724
875,1816,2507.705750
877,2215,1955.201076
877,2534,1646.297820
878,2293,1783.328582
878,2597,2127.756255
879,1446,1291.364317
879,1909,744.797283
879,2018,1188.969847
880,983,1924.522470
882,1005,560.842065
883,1380,1323.163206
883,1665,1429.520055
883,1667,1221.245121
883,2572,1693.866463
884,979,1370.997961
884,1344,1730.444820
884,1988,1592.382087
885,1270,2326.810258
885,2606,2255.867888
886,1250,2722.152649
887,1366,1408.455190
888,1936,2283.639556
889,1588,1925.629714
889,2347,2088.338236
889,2453,2273.718610
889,2606,2106.556805
890,1431,1435.429042
891,1146,2273.458499
891,2149,2225.615724
892,1007,2263.543657
892,1139,1865.117448
892,1862,2248.636365
893,958,2669.367524
893,1970,2858.674315
893,2051,2477.804366
894,1466,1931.086351
894,1510,2043.940921
895,2245,1864.714179
895,2692,1487.423011
896,1761,678.877372
897,1460,1628.779287
898,1362,1488.937955
898,2234,1449.479595
898,2394,1470.048514
899,2394,1613.583512
901,2032,1580.803374
901,2719,1365.629080
902,1475,1422.431800
902,2073,1429.867997
903,1178,1879.684146
903,1200,2761.070227
903,1477,1999.007719
903,1540,1958.010446
903,2126,2111.747178
903,2539,2761.118823
903,2704,2101.099447
904,1078,1911.347500
904,2352,1120.865423
905,1197,2021.238771
905,2261,2468.345487
906,1372,1659.409425
906,1588,1764.966566
907,1096,2400.611510
907,1627,2359.767880
909,1969,2266.702006
909,2076,2112.518390
910,1671,924.219793
911,2641,1675.318215
912,914,3015.122027
913,1407,1419.288110
914,1375,2704.584724
916,1023,500.222528
916,1472,1603.384483
916,2640,1686.854078
917,959,1410.605961
917,1373,1128.091543
917,1431,1282.031381
917,1524,1548.417166
917,1565,1445.486340
917,2310,1498.118702
918,1567,2583.145189
918,1824,1885.296570
918,2466,2252.609491
919,1505,1615.872578
920,1846,2908.027649
921,959,1325.115721
921,2667,1126.582233
922,1151,1939.265361
922,2020,1613.455611
923,1981,1698.398443
923,2241,1764.725539
923,2447,1771.422518
924,1468,1351.066575
924,1931,1221.775317
925,1273,2331.779270
926,2325,1409.163518
927,1630,2572.681511
928,1953,2128.640605
929,1299,1676.121462
929,1588,1483.385903
929,2112,1714.771215
929,2402,1720.296049
929,2575,1689.189838
931,1192,1842.350234
932,1069,1166.727717
932,1730,881.914329
932,2142,1331.453122
932,2175,669.336874
933,2586,1304.040041
934,1954,3117.033679
935,2077,2139.309491
935,2506,1945.927685
937,1136,2521.724942
937,1196,2471.267769
937,1539,2948.839433
937,1702,1464.057451
938,2399,1204.091966
939,1165,1443.853028
939,2016,1315.751516
940,1738,1554.235498
941,1171,1311.438321
941,2292,476.600058
942,2568,1854.886105
943,952,1042.258778
943,1491,867.492526
943,2443,1119.522030
944,1178,2124.832560
944,1269,2135.005817
944,1284,2019.874003
944,1477,1883.710925
944,1554,2355.962448
944,2106,2611.554843
944,2346,2255.136854
944,2438,2150.765025
944,2630,2234.892438
944,2720,1807.959420
945,1081,1712.707075
945,1875,1817.850815
945,2180,1830.994108
946,2212,889.981875
946,2258,942.982679
946,2478,927.200247
947,1588,2662.725238
947,2768,1186.136791
949,960,1729.526013
949,1848,2292.403161
949,2356,1610.183020
949,2457,2198.588292
949,2494,1672.009067
951,988,811.837239
951,1606,1561.545916
951,2195,1595.380405
952,1258,1313.399990
952,2142,1322.700991
952,2175,1253.238239
952,2449,1437.141096
952,2530,1320.952320
952,2738,2030.113427
954,1450,2233.087282
954,2334,2104.466845
954,2570,2179.548544
955,1177,2255.358330
955,1178,2127.553450
955,1351,2470.837290
955,2288,2080.496433
956,1523,1783.897512
956,1808,2007.628870
957,2752,2332.436085
958,1578,2330.904311
958,1793,2489.984623
959,1182,1491.300298
959,2593,1665.250589
960,1372,1770.380120
960,1921,2193.894563
960,2312,2315.442483
960,2538,2076.471349
961,1830,2181.360990
961,2170,2217.082404
961,2623,2435.275081
962,1903,2238.288656
963,1919,1802.502375
963,2478,1526.051166
964,1537,1562.056114
965,2542,2547.181036
966,1776,1620.009800
966,1895,1807.518118
966,1941,1806.417774
966,2362,1954.164719
967,1695,1650.943511
967,2745,1660.746769
968,1751,1541.699834
968,1949,1576.885525
968,2111,1750.430840
969,1376,1871.972630
969,1697,1424.654172
970,1509,1367.949324
970,1691,1822.229086
970,2463,2003.868400
971,2283,1818.144076
972,994,1987.369506
972,2380,1335.201549
973,983,1960.329691
973,1537,1531.568652
974,1934,857.533239
976,2737,1614.076387
977,1383,1814.916955
978,1026,2316.130848
978,1669,2068.327876
978,1738,1824.304175
978,2183,1843.390459
978,2232,2221.489537
979,1206,1317.698316
979,2040,1398.659750
979,2235,1403.227075
979,2372,1357.419532
979,2553,1335.208048
980,1358,1968.240960
980,1453,1966.955024
980,2654,2114.334992
981,1085,2718.340322
982,2162,1447.083363
982,2341,1694.831178
983,1839,2003.343224
984,2274,1754.001579
985,1425,1830.476900
985,1520,1709.706363
985,2264,2096.489499
986,1839,1878.878424
987,1074,2223.814580
987,1572,2337.602195
987,1609,1794.282489
988,2343,1545.844859
989,1559,2473.101065
990,2231,2516.564354
992,1786,1191.696979
993,1787,2255.616626
994,2084,1588.049317
995,1730,1322.089736
995,1832,1253.618492
995,1909,1290.627259
995,2584,676.293419
995,2748,1267.517782
996,1073,2115.040406
996,1795,2016.540746
996,2675,1801.097115
997,2271,1566.471603
997,2710,1218.679110
998,1038,3709.386421
999,1752,740.546601
1000,1094,1616.140189
1000,1551,1607.750636
1001,1071,1217.629381
1001,1428,1211.686491
1001,1851,1358.366003
1001,2602,1410.862189
1002,1655,2909.739828
1002,2088,2865.564461
1003,1720,1936.770051
1003,1953,1353.086263
1003,2334,1633.208812
1004,1410,1744.848876
1004,1774,2104.464602
1004,1775,1508.691510
1005,1865,2362.871237
1005,2248,1887.067072
1005,2555,2631.805441
1006,2164,2050.370739
1007,1337,2458.149121
1007,2259,1600.823392
1009,1750,2867.851234
1009,1760,2300.490606
1009,2331,2140.887224
1010,2254,2250.056523
1012,1501,2039.646448
1012,2295,1999.529431
1012,2428,2041.956642
1012,2519,2120.655727
1014,2059,1748.371677
1015,1393,1996.336480
1016,1160,1929.311337
1016,2003,2245.667655
1017,2103,1678.022366
1018,2684,1918.297527
1019,1490,2402.842710
1019,1911,2017.866413
1019,2051,2253.865641
1020,1160,2326.312846
1021,1779,2481.947840
1022,1826,1637.714925
1022,1836,1322.905329
1023,1414,685.459741
1024,1693,1263.692563
1024,2022,1593.141218
1024,2205,1631.910439
1024,2518,1912.621394
1027,1494,1732.526229
1027,1861,1551.925550
1028,1588,1859.287044
1028,2249,1952.277474
1030,1310,1800.310246
1031,1080,2283.498185
1031,2689,3156.861746
1032,1993,1681.974702
1036,1946,1531.483152
1036,2602,1471.781176
1037,1344,1818.869687
1037,2459,1803.649524
1038,2450,2598.254959
1039,1120,1722.869312
1039,2367,1779.979439
1039,2767,1771.021349
1040,1602,1277.694974
1040,2568,1294.119686
1040,2576,1173.121253
1041,1331,806.282289
1041,1943,1199.288821
1041,2750,1178.815470
1042,1190,1808.296403
1042,1374,1229.882766
1042,2599,1759.890281
1043,1081,1385.314252
1043,1729,1151.662233
1044,1612,2782.928379
1044,2262,2724.252179
1045,2306,2038.826123
1046,1618,1961.197963
1046,1812,1629.236430
1047,1559,2592.356039
1048,1178,2058.392830
1048,2254,1741.621701
1048,2347,2175.214344
1048,2628,2122.476930
1049,2278,2369.073698
1050,2567,2243.144079
1052,1147,2036.345698
1052,1275,2053.857170
1052,2111,2057.770432
1053,1504,2648.008057
1054,1393,1419.161903
1054,1581,1546.466950
1054,1800,1763.961120
1054,1941,1703.626579
1056,1203,1961.759246
1056,2574,1531.152463
1057,1199,1584.399955
1057,2473,1992.803989
1058,1781,1525.269249
1058,2609,1571.454558
1059,2487,2109.043750
1061,2288,2167.703300
1062,1477,2102.984772
1062,1744,1923.779831
1062,2315,1977.706614
1062,2707,1914.098816
1064,1887,1844.859664
1064,1941,1862.523081
1064,2763,1950.770439
1065,1474,1860.743724
1065,2335,2024.968466
1065,2342,1668.454256
1065,2432,2032.140572
1066,1281,1586.932050
1066,1298,1516.362439
1066,1514,1542.644693
1066,1523,1683.847609
1067,1162,2257.151387
1068,1161,973.343977
1068,1738,1512.657019
1069,1262,1243.412634
1069,1819,633.677403
1069,1925,1245.662765
1069,2653,1133.878700
1070,2339,2234.352185
1071,2273,1262.613298
1071,2275,874.349573
1071,2328,827.786111
1071,2688,634.212899
1072,1790,1611.341285
1072,1939,1719.042608
1072,2250,1716.455581
1073,1199,2081.602352
1073,1572,2059.238266
1075,1125,1939.719757
1075,1305,1533.755512
1075,1366,1042.140984
1075,2083,1386.018932
1076,1897,1558.171922
1076,2373,1283.204408
1077,2081,1388.153472
1079,1269,2089.943521
1079,2332,1807.118099
1079,2633,2037.468325
1079,2646,1675.484204
1080,2149,2119.068582
1081,1919,1677.145011
1081,2234,1210.872079
1082,1093,2090.464857
1082,1512,2604.971815
1082,1795,2197.444100
1083,1551,1640.601870
1084,1834,1745.859517
1086,1440,907.269598
1086,1517,1218.676860
1086,1686,973.078297
1087,1744,1477.215744
1088,1145,1147.041430
1088,1681,1446.257262
1088,1704,1331.661562
1089,1335,2306.699399
1090,1571,1405.079843
1090,1710,1393.454832
1090,1825,1261.483166
1091,1350,1700.985322
1092,1601,1701.169257
1092,1765,1543.967761
1093,1174,1582.820013
1093,2124,1672.560657
1093,2202,1749.110810
1094,1379,2005.414963
1094,1688,1586.390574
1094,1738,1651.628214
1094,1824,1641.192384
1094,1995,1991.662478
1094,2012,1557.293345
1094,2293,1830.508428
1095,1953,2136.911437
1097,1675,1911.127566
1097,1863,2112.815446
1098,1337,2050.228782
1100,2656,1695.050165
1102,1338,1508.339325
1104,1609,2174.437214
1105,1594,2508.912117
1106,1396,2476.374846
1106,1567,2568.708252
1106,1795,2165.903118
1106,1816,2086.928931
1107,1327,1444.986527
1107,2109,875.884710
1109,1467,2083.235972
1109,1867,1449.381839
1110,1475,1764.000636
1110,1519,1474.511112
1110,1990,1702.005106
1110,2032,1546.246134
1110,2150,1607.107665
1111,1153,1490.885338
1111,1154,1433.265687
1111,1165,1335.879835
1111,1192,1591.209573
1111,1376,1398.410177
1111,1618,1432.298299
1111,1880,1394.495451
1111,2484,1709.058653
1113,1573,1690.505419
1113,1607,2049.476234
1115,1511,1787.668112
1115,1735,1877.980326
1115,2229,1736.392150
1116,1678,735.227758
1116,2325,1119.796641
1117,1219,709.918139
1117,1296,352.604395
1117,1731,701.422883
1118,2754,1915.550376
1120,1197,1731.780677
1120,2136,1868.601504
1121,1303,1474.995343
1121,2637,1607.712817
1121,2710,1382.225004
1122,1617,1784.252806
1122,1714,1710.526271
1122,1775,1876.867434
1124,1380,1698.498260
1124,1537,813.515770
1124,1662,725.904983
1124,2376,1396.808932
1124,2593,1573.543349
1125,2144,2456.353480
1125,2387,1845.374303
1125,2575,1655.656982
1126,1157,1132.279764
1127,2102,2477.439391
1128,1782,1305.837444
1129,2721,1660.624625
1130,1668,2608.096894
1130,1719,2281.312723
1130,2628,2403.914895
1131,1280,2730.288998
1131,2216,2839.384497
1131,2753,2427.789573
1132,1472,1878.604414
1132,2074,1469.298134
1132,2447,1777.674915
1132,2679,1628.349878
1133,1798,1925.422191
1133,1953,1910.180339
1134,1919,1594.999430
1135,1730,1379.338448
1136,1477,2176.478282
1136,1498,2118.705772
1136,1936,1876.926374
1136,2561,2317.618037
1137,1503,2315.598699
1138,2574,862.858564
1139,2012,2194.863140
1141,2014,2143.557803
1141,2346,2227.371063
1141,2545,2282.339289
1142,1641,1176.942680
1142,1839,1586.777938
1142,2287,1012.181909
1143,1645,1926.775585
1143,1845,1416.358128
1143,2065,1731.243521
1143,2295,1568.800523
1143,2580,1526.136149
1144,1531,1890.426684
1145,2679,1394.849787
1146,1205,2294.313980
1146,1318,1584.008191
1146,1492,1868.594865
1146,2480,1562.646417
1147,2066,2111.324177
1148,1663,2817.873558
1149,2071,1237.188758
1149,2332,2190.878608
1149,2346,2240.246451
1150,1209,2733.322907
1150,2058,2407.595317
1151,1323,1845.046448
1152,2580,2001.861572
1152,2685,1648.914352
1153,1214,650.902375
1153,1218,1517.916227
1153,1223,818.296490
1154,1432,1837.885506
1155,1965,1565.623865
1155,2710,1556.170662
1156,1259,1881.288733
1156,1694,1848.831822
1157,1564,1230.224880
1157,2000,802.952525
1157,2228,1172.597137
1157,2263,1244.418538
1158,1936,1897.532285
1159,2551,2323.051129
1160,1420,1945.827924
1160,1476,1958.470640
1160,1744,1890.813686
1160,2010,1780.562676
1160,2020,1890.974327
1160,2100,2066.213258
1160,2538,1996.584634
1160,2616,1890.867460
1161,1464,1014.727516
1162,2331,2137.453188
1163,1203,1283.243233
1163,1657,1696.396041
1163,1955,1623.382638
1163,2191,1304.717248
1163,2478,1270.053986
1164,1551,1725.442503
1164,1891,1508.872752
1164,2701,1824.852930
1165,1193,877.451884
1165,1218,1449.120578
1165,1436,788.250670
1165,1524,123.207124
1165,2400,1166.753801
1165,2627,1169.739941
1166,1199,1948.140332
1166,1795,2011.651134
1168,1688,2050.007110
1169,1919,1553.711357
1172,2082,1115.886480
1173,1516,1770.104965
1173,1631,1716.242299
1173,2644,1628.111695
1174,1504,2134.986466
1175,1328,1786.990476
1175,1471,1429.413355
1175,1710,1416.978000
1175,2224,1177.799334
1175,2302,1242.701096
1175,2735,1142.420251
1176,1763,2397.212313
1177,1655,2394.098402
1177,1779,2130.834066
1178,1724,1812.204054
1178,1767,2665.215044
1178,1787,2020.566551
1178,1799,2228.020028
1178,1800,1722.546513
1178,1907,1833.055115
1178,1999,2149.116233
1178,2033,2382.176733
1178,2103,2174.381711
1178,2435,2734.536426
1178,2618,2136.785576
1180,1208,2235.969215
1180,2067,2536.674855
1181,1228,1863.299981
1181,1252,1818.085966
1181,1596,2289.474592
1181,2159,1716.028979
1181,2657,2012.793495
1181,2701,2105.748063
1183,1561,1897.287855
1183,2005,1759.434518
1184,1628,1324.933459
1184,2011,1382.345326
1185,1400,1450.924465
1185,2010,1698.323957
1185,2014,1719.989365
1185,2020,1607.461615
1185,2063,1942.507444
1185,2097,1946.716438
1186,1234,1275.692663
1186,2319,1450.234369
1186,2345,1271.321126
1187,2129,2172.228317
1187,2347,2053.835481
1188,1877,2852.834539
1189,1330,1446.161991
1190,2250,1831.222753
1191,1401,979.034652
1191,1810,1311.013656
1191,2700,1642.672928
1192,2565,1288.631212
1193,2719,1193.384457
1194,1474,1390.249249
1195,1749,2127.399118
1196,2177,1279.226367
1197,1258,1349.618602
1197,1491,1306.771309
1197,2238,1491.026070
1199,1451,1633.031115
1199,1945,1854.273441
1199,2117,1545.630668
1199,2679,1552.867931
1199,2765,1662.152924
1201,1503,2363.629851
1202,2314,1318.435331
1203,1580,1645.144951
1203,2506,1135.768543
1203,2668,1762.612299
1203,2745,1538.667669
1204,1927,2148.353131
1204,2424,1905.685512
1206,1748,1615.287479
1207,1348,1649.403716
1207,2287,1693.031837
1207,2308,1694.606563
1208,1595,1834.526563
1208,2356,1742.396370
1208,2427,1709.701502
1211,1630,2337.981800
1211,2374,2684.112890
1212,1449,1206.012028
1212,1743,1757.804862
1212,1892,1061.149525
1212,1910,1298.578943
1212,2698,1002.312755
1213,1231,1729.282906
1213,1537,1705.845596
1213,1772,1086.187532
1213,2181,1767.507659
1213,2257,776.126633
1213,2380,1166.795984
1213,2631,2024.887418
1214,1481,1729.673711
1214,1576,2032.052747
1214,2160,1518.352400
1214,2628,2249.558467
1215,1304,1869.111341
1215,1348,1712.362086
1215,1961,1731.466705
1215,2205,1789.594368
1216,2397,3452.345146
1216,2429,3458.521046
1218,1814,1612.655479
1218,1866,1677.203653
1218,2210,1513.706559
1219,1481,1110.546838
1219,2568,1032.008791
1220,1408,2018.396033
1220,1627,1984.716199
1220,1818,2293.726148
1222,2061,3359.940326
1224,2294,1919.046606
1224,2600,439.999582
1225,1385,2495.213177
1226,1638,1806.331724
1227,2195,868.065616
1228,1439,2166.320074
1228,2245,1594.066409
1229,2019,2261.318359
1229,2284,2186.536682
1229,2352,1732.693182
1230,2415,1758.696684
1231,1474,1799.591048
1231,1994,1765.525830
1232,1306,1675.503795
1232,1581,1760.939993
1232,1857,1887.110244
1232,2378,1673.034568
1232,2527,2121.355423
1233,1375,2399.377116
1235,1965,1716.463777
1235,2760,1744.310337
1236,2478,2100.469199
1237,2219,1773.474618
1238,2754,2015.587248
1239,2490,1428.609736
1239,2692,1206.069123
1240,2187,339.441270
1240,2511,1178.973254
1241,1570,2180.904576
1241,2080,2257.456498
1242,2561,2952.218645
1244,1624,2653.352436
1245,2282,2357.622660
1245,2603,2106.902729
1246,1837,2422.296478
1246,2044,2640.332298
1247,1630,2278.257486
1247,1684,2003.678429
1247,2124,2054.177150
1248,1547,1408.676732
1248,1674,1473.680920
1248,2367,1604.324579
1252,2408,2028.271331
1253,1563,1038.041298
1253,2450,2821.226327
1254,2258,1002.822839
1254,2302,1299.140379
1255,1466,2000.740719
1255,1627,1577.976326
1255,1762,1970.880158
1255,1830,1987.873688
1255,2133,2119.553889
1255,2457,2194.152227
1255,2616,2063.819331
1256,1288,1850.193721
1256,1403,1512.804941
1256,1755,1920.319655
1256,2356,1615.031553
1256,2427,1770.539594
1256,2761,1670.264217
1257,2026,2668.968030
1258,1785,1148.592860
1258,2197,1327.093730
1260,1975,185.171164
1260,2160,1725.601019
1261,1675,1863.489837
1261,1953,1684.550116
1262,1268,1293.204259
1262,1832,1283.282212
1262,1929,1006.335277
1262,1934,1449.222282
1262,2434,1993.603858
1262,2676,1638.409837
1262,2742,1339.306103
1262,2748,1209.380365
1263,1347,2060.058228
1263,1770,1259.434422
1263,2189,1601.243480
1264,2523,2100.698478
1266,1803,1708.474116
1266,1884,1900.431510
1266,2006,1649.043578
1267,1733,2086.826858
1267,1751,1969.191496
1267,2378,1778.293605
1268,1428,1280.848078
1268,1433,1336.771210
1268,1861,1486.232826
1268,2260,1556.242915
1268,2755,1698.209420
1269,1663,2070.748809
1269,2315,2005.779964
1269,2316,1842.875427
1269,2419,2055.184232
1269,2560,2060.704200
1269,2635,2079.254798
1270,1379,2050.193352
1272,2675,1787.964375
1273,2167,2121.231811
1273,2339,1728.985993
1273,2364,2551.881936
1274,1464,2056.017323
1275,1676,1576.711697
1275,2274,1947.792768
1275,2467,2047.906301
1276,2062,1510.057055
1278,1582,1428.171069
1278,2140,964.490241
1278,2245,1360.032261
1279,1304,1663.005722
1279,1432,2006.096679
1279,1673,1939.617419
1280,1291,2763.657360
1281,2224,1458.517349
1281,2416,1708.247577
1282,1323,1748.983424
1282,2125,2587.431058
1282,2356,1591.610599
1282,2422,2079.455782
1283,1749,2137.526508
1284,1625,2040.338420
1284,2014,2139.704491
1284,2204,2259.270634
1284,2729,2140.442578
1285,2332,1661.643277
1286,1691,1338.078377
1286,2385,1935.223811
1287,1697,839.621021
1288,1289,1991.173851
1288,1323,1807.228788
1288,1595,1750.336787
1288,2037,2068.057558
1288,2139,2000.976451
1289,1466,1952.486228
1289,2713,1866.199479
1290,2020,1915.588046
1290,2476,2636.933523
1291,1610,2612.585537
1292,2604,1545.631853
1293,2063,721.906129
1293,2460,2269.833882
1294,2212,1094.519257
1294,2446,1117.112622
1294,2468,1316.636916
1295,1715,2655.424754
1296,1445,1486.746796
1296,1618,960.162832
1296,2734,893.048785
1297,2257,902.939948
1298,1316,1475.373598
1298,1947,1598.943955
1298,2074,1850.787276
1299,1953,1594.957678
1299,2597,2059.854552
1300,1548,2537.110108
1300,1787,2201.924981
1300,2256,2531.142202
1301,2095,1719.361322
1301,2330,1218.159595
1302,1339,1971.058069
1302,1817,2297.550087
1302,1863,2175.517150
1302,2570,2154.987114
1302,2736,2033.086332
1303,1965,1459.257338
1303,2253,1523.788882
1303,2271,1519.930566
1303,2313,1600.865676
1304,1984,2467.669336
1305,2079,1567.326317
1306,1425,1963.797939
1306,2483,2122.917395
1307,1456,1483.679832
1307,1633,1554.551905
1307,1866,1364.577276
1307,2716,1371.088821
1308,2456,1010.020025
1309,1492,2072.804794
1310,1339,1767.928090
1310,1675,1727.827074
1310,1749,1709.374243
1310,2403,2210.110832
1311,1629,1119.518059
1312,2076,2465.728388
1313,2054,1799.517495
1313,2211,1645.913416
1313,2436,1592.864254
1314,2398,1352.883387
1314,2459,1783.449342
1316,1931,959.309620
1316,2101,947.853298
1316,2478,1335.990066
1321,2298,1954.601811
1322,2195,1455.332279
1322,2681,746.718624
1323,2616,1857.430968
1323,2675,1635.772866
1324,1355,1049.238688
1324,1554,2402.757681
1325,2254,2391.231250
1326,1911,2000.025483
1326,2585,2105.484984
1327,2085,1203.200678
1328,1373,1585.064823
1329,2259,2198.037765
1329,2532,2184.581718
1330,1957,1310.207092
1330,2268,1353.321565
1331,1405,1252.460317
1331,2163,662.277132
1332,2710,1508.564462
1333,1466,1501.957651
1333,1604,1710.139718
1333,1612,2502.012748
1333,2624,1201.564627
1334,1338,2189.899653
1334,2182,1234.820038
1335,2389,2010.255789
1336,1595,2024.239923
1336,2597,2266.791813
1337,1359,2382.022216
1338,1501,1578.003201
1338,1906,1267.402032
1338,2191,1311.020871
1339,1470,1967.647638
1339,1824,1733.202686
1339,1862,2021.317478
1339,2336,1861.662982
1340,2344,2095.971116
1342,1885,1307.719690
1342,2297,1646.803085
1343,1575,1133.306302
1344,2054,1778.677462
1344,2272,1581.715513
1344,2617,2564.200397
1345,1779,2224.517218
1345,2714,2151.710806
1346,2660,1000.048807
1346,2678,1212.382661
1348,1519,1675.297297
1348,2023,1653.376850
1349,1617,1748.834351
1349,1714,1757.866055
1349,2078,2084.766175
1350,1537,1689.759015
1351,1843,2547.913416
1352,1948,1628.806922
1353,1877,2694.999821
1354,2619,1984.164571
1355,1435,2163.322852
1355,2091,2116.012957
1356,1462,1652.448110
1356,1753,1033.753591
1356,2716,1294.689621
1357,1480,1219.625873
1357,2596,1087.463651
1357,2727,2219.160456
1358,1604,1860.958830
1358,1712,2219.347181
1358,2729,2107.867090
1358,2749,1904.173112
1360,2014,2099.486278
1360,2346,2174.194394
1361,2197,1478.969877
1361,2721,808.529726
1362,2008,831.955302
1362,2195,1362.581555
1363,1519,1847.139381
1364,2541,898.651813
1365,1575,974.496842
1365,1753,1052.999546
1365,2163,1056.038215
1365,2323,1351.614401
1366,2011,1497.197398
1366,2096,1796.443751
1366,2289,1664.017280
1366,2596,1106.571835
1367,2679,1849.779202
1368,2068,2919.634508
1369,1640,1484.257649
1369,1839,1427.226715
1370,2020,1731.626792
1370,2462,1819.093813
1371,1711,1225.720387
1371,1923,716.621868
1372,1469,2165.464008
1372,2011,1694.793555
1374,2081,1613.748184
1376,2048,1531.303794
1376,2598,1489.992814
1377,2302,1442.168950
1377,2400,1357.444703
1377,2584,1123.740927
1379,1789,2468.461973
1380,1729,1109.696571
1380,2031,1648.929096
1381,1898,1442.257232
1381,2516,462.348261
1382,1641,1307.646920
1382,2129,1289.356961
1382,2140,1237.272838
1383,1959,1622.873671
1383,2240,2263.491389
1383,2438,2100.341945
1384,1385,2717.871595
1385,2269,2223.509741
1386,1950,1335.044620
1386,2153,1394.409763
1388,1593,2192.497434
1388,2701,1966.089955
1389,1989,1976.260262
1391,1745,1817.690049
1391,2108,281.466936
1392,2430,1979.615949
1393,1676,1129.390024
1393,2353,1777.437597
1393,2540,1398.352946
1393,2590,1651.593650
1394,1881,2221.451883
1394,2415,2187.280746
1395,1498,877.507308
1395,2281,2111.817028
1396,2544,2649.546406
1397,1580,1617.570989
1397,1606,1921.152863
1397,2393,1779.577237
1398,1656,1747.779587
1399,2296,2103.521180
1399,2305,1708.623879
1400,1660,1914.223832
1400,1756,1524.037656
1400,2462,1179.390672
1401,2149,1681.839358
1402,2415,1927.239885
1402,2454,2019.519822
1403,1744,1211.550507
1403,2129,1323.629931
1404,1706,2418.060239
1405,1674,1244.747941
1405,2303,793.888324
1405,2322,791.693673
1405,2361,1019.399854
1406,1451,1721.935474
1406,1777,1674.875795
1406,2693,1644.953637
1408,1864,2028.098812
1408,2729,2095.745924
1409,1944,1749.037351
1410,1580,1245.788463
1410,1728,1438.701263
1413,1592,30.726049
1415,1535,982.298886
1415,2064,1463.691395
1417,1770,1718.754798
1419,1551,1586.212358
1419,1589,1752.570817
1419,2415,1621.518726
1420,1910,1893.733863
1421,2715,1587.110083
1422,1559,2146.328418
1422,1787,2157.661807
1422,2370,2108.279905
1423,1684,1999.929021
1423,2407,1840.491220
1424,1720,2136.956068
1424,2411,2146.497404
1425,1751,2021.107720
1425,1843,2259.248143
1425,2020,1664.497134
1425,2347,2158.097838
1425,2434,1934.745151
1425,2473,1814.511352
1425,2536,2011.027282
1425,2620,1898.863278
1425,2665,2284.121926
1426,2238,1480.779967
1427,2148,1570.770964
1427,2440,1013.914450
1428,1635,1300.409072
1428,2653,1301.617954
1429,2254,2196.388513
1430,1762,1847.907512
1430,2072,2126.273688
1430,2356,1802.076390
1430,2616,1727.469455
1432,1631,1536.804248
1432,2366,1803.569142
1433,1445,1333.771959
1433,1981,920.439132
1434,1928,2190.828989
1434,1949,1808.584265
1434,2113,1671.246372
1435,1811,2166.727332
1436,1525,916.117380
1436,1633,1129.418862
1437,2645,1249.029130
1437,2687,984.037124
1438,2200,850.175821
1438,2712,1786.601402
1439,2265,2211.942806
1440,1441,776.535830
1440,1449,1208.070640
1440,2121,851.665846
1440,2626,1219.191229
1441,1505,864.096127
1441,2578,719.431873
1442,1683,2362.871011
1444,1981,1223.770987
1444,2304,1386.528461
1446,1664,1293.563078
1446,2325,1364.540776
1446,2748,1393.093401
1447,1755,2240.185176
1448,2355,2395.315955
1448,2731,2253.379752
1449,1629,963.496131
1449,2328,406.501612
1450,1778,1949.245165
1451,2368,1638.558901
1452,2311,1890.431371
1452,2459,1608.185394
1452,2745,1533.369265
1454,1649,2446.746916
1455,2409,1157.391584
1456,2127,1370.367146
1457,1523,2183.597158
1459,1732,2093.631186
1459,1864,1977.837567
1459,2492,1994.035474
1460,2011,1534.913069
1461,2294,1593.534983
1461,2322,1537.904440
1462,1885,637.779257
1463,1793,2749.161764
1463,2702,2682.499832
1463,2705,2674.802789
1464,1591,1655.825052
1465,1506,2572.174221
1465,1645,2394.910765
1465,2432,2186.012210
1466,1529,2770.813029
1466,1588,2022.326465
1466,1717,2070.804408
1466,1933,2095.529338
1466,2037,1872.312645
1466,2492,1604.012960
1466,2529,1550.010013
1467,1513,2408.837758
1469,1830,2086.506810
1469,2559,2080.706023
1470,1653,1837.501615
1470,2233,1947.598274
1471,2610,1822.804064
1472,1839,1418.390722
1473,1806,2638.576662
1473,2019,2259.169236
1473,2521,1228.896976
1474,1766,1790.302137
1474,1840,1450.083044
1475,1803,1495.593405
1475,2144,2491.464518
1475,2644,1450.874403
1476,1963,2179.423917
1476,2035,2245.378559
1476,2315,2111.077939
1476,2570,2147.177080
1476,2754,2082.146904
1477,1625,1978.751317
1477,2104,2056.218745
1477,2433,2315.237506
1478,1548,2413.727716
1479,1804,1919.944752
1479,2217,2179.620739
1480,1691,1868.583911
1480,2645,1468.667864
1482,1685,1962.183343
1482,1804,1517.191654
1482,1974,2302.069245
1483,1523,1396.105112
1484,2151,806.474119
1485,1607,2187.169493
1485,2128,1469.621730
1485,2329,1474.686725
1486,1839,1705.327294
1488,1522,1728.916438
1489,1581,2064.782827
1490,1554,2522.801969
1493,2586,1184.878214
1494,2376,1696.740518
1494,2685,1497.897574
1495,2225,2318.324340
1495,2259,1947.209892
1497,2651,1407.920633
1498,1625,1940.817895
1498,2332,1817.912197
1498,2360,2586.124506
1499,2430,1812.072806
1500,1800,2204.454212
1500,2029,3219.662239
1501,1550,1646.938228
1501,2250,1683.400057
1501,2673,1589.802805
1502,2538,1991.044877
1503,1636,1785.617794
1503,2570,1994.263090
1506,1513,2291.153508
1506,2320,2395.730444
1506,2730,1984.138316
1507,1770,1762.063066
1507,2593,1967.685093
1507,2631,1852.147974
1508,2014,2240.631410
1508,2087,2211.274371
1508,2603,2241.515465
1509,1739,1215.091502
1509,1851,1097.881529
1509,1905,1036.235393
1509,2156,1144.282462
1509,2171,1413.156505
1509,2410,1329.143070
1509,2414,1599.626184
1510,2141,2199.524982
1512,1793,2687.593824
1513,2019,2410.719122
1513,2092,2107.084310
1514,1893,1308.945306
1514,2311,1955.280514
1515,2019,2269.579526
1515,2580,2078.411700
1516,1519,1690.459778
1518,1763,3007.914492
1519,1556,1855.795755
1519,2395,1675.376410
1520,1717,1825.691220
1521,1588,2009.544971
1523,1900,1071.447280
1526,1621,1937.045827
1526,1994,1787.452945
1526,2262,2567.405569
1526,2580,1997.713329
1527,2735,1149.186280
1528,1706,2629.309047
1530,1854,2220.158277
1530,2356,1926.843790
1531,2446,859.267661
1531,2733,829.144077
1532,2258,1196.571409
1532,2377,1448.716572
1533,2066,2012.290518
1533,2141,2188.626234
1533,2653,2256.489345
1535,2734,926.810288
1536,1758,1361.897425
1536,1892,1308.944243
1537,2007,1625.936210
1537,2206,915.385330
1539,1831,2898.945608
1539,2068,2899.712666
1540,2119,2246.813056
1540,2239,1986.951597
1542,1887,1219.390552
1542,2005,1269.324108
1544,1847,1596.628564
1544,1966,1734.634530
1544,2680,2140.651319
1544,2760,1687.362717
1545,1897,1275.248959
1546,2328,635.461988
1548,1706,2359.660529
1549,1892,1451.086563
1552,1941,2093.501887
1552,2528,2161.216393
1553,2513,2246.320753
1555,1825,1266.899584
1556,1839,1793.470554
1557,1707,2172.760801
1557,2138,2120.028901
1557,2276,2215.598318
1558,2103,3053.705938
1559,1816,2153.610776
1559,2222,2435.614292
1561,1660,2303.635546
1561,2095,1858.296124
1562,1787,1950.573244
1564,1597,1499.677298
1564,1786,1077.264041
1564,2058,1252.157390
1564,2235,1414.218898
1564,2446,975.181097
1565,1614,1407.510598
1565,1815,1431.340937
1570,1613,2294.100990
1570,1675,1728.439568
1570,1779,1987.931859
1570,1830,2099.961979
1570,2331,1813.003844
1570,2483,2145.824504
1571,2598,1466.889736
1572,1873,2721.511162
1572,1986,2422.983062
1572,2756,2376.974530
1573,2340,1177.368113
1575,1664,1085.057366
1575,2021,1372.127915
1575,2400,1239.179201
1577,2362,2902.728652
1578,1795,2015.911980
1578,1911,2078.168661
1578,2080,2116.953256
1578,2231,2391.559267
1581,1624,2289.722564
1581,2066,2095.924110
1581,2375,2043.206270
1581,2473,1975.819628
1581,2529,1943.874065
1582,1591,1229.211069
1582,1641,1320.837413
1582,2543,627.950930
1584,1932,2377.161906
1585,1834,1265.716586
1586,2177,998.329397
1588,1595,1748.352439
1588,1749,1571.482818
1588,1809,2322.820984
1588,2356,1606.453367
1588,2623,2383.582579
1590,2394,1645.407001
1592,2143,1142.717504
1592,2354,946.542448
1594,1656,2032.089591
1594,2411,2158.441082
1598,1715,1701.449385
1599,2720,2294.378182
1602,2495,992.865495
1604,1917,1948.573113
1605,1755,2142.015621
1606,2238,1571.134453
1606,2471,1588.808344
1608,1710,1407.119746
1609,1910,1195.651000
1609,2643,1275.501863
1609,2670,2327.104870
1610,1969,2558.284806
1611,1991,1835.727382
1614,2027,1763.337231
1615,1693,1195.532950
1615,2129,1629.008804
1615,2753,1983.119576
1616,2254,2054.758905
1617,2272,1827.049024
1619,2269,2480.350637
1620,2748,1303.477206
1621,2740,1659.917332
1622,1669,2160.548089
1622,1936,2054.005319
1625,1949,1755.780827
1625,2632,1891.919278
1625,2686,1414.576489
1627,1732,2085.323504
1627,1764,2207.483620
1627,2037,2033.885035
1627,2577,2322.082398
1628,2373,1286.576327
1628,2621,1693.014308
1629,1664,1188.633327
1629,2660,1249.253785
1632,1907,2204.677035
1633,1826,1444.329944
1633,2543,1543.462116
1634,2403,2608.190638
1635,1925,1287.535001
1635,2721,1302.092796
1635,2742,1318.858342
1636,2111,1705.866916
1636,2707,1808.395242
1637,1715,1725.065837
1639,2217,2319.146256
1640,2287,1599.888927
1640,2395,1760.953756
1640,2521,1630.210371
1641,1647,1243.729152
1641,1753,1248.299907
1643,1996,2773.460484
1643,2277,2598.640476
1644,1851,1026.358178
1644,1905,1110.511955
1645,2161,2380.296332
1646,1898,1096.100442
1646,2410,1328.583535
1647,2325,1266.876962
1648,2491,1426.417634
1649,2554,2456.792383
1650,1779,2470.632318
1651,1978,888.464774
1654,1703,1009.468766
1654,2459,1308.184927
1654,2609,1377.669942
1655,2548,2241.663261
1656,1738,2032.318751
1656,1911,1919.401787
1659,2295,1782.616789
1660,1888,2445.324155
1660,2762,2320.099030
1661,1692,548.626629
1663,1933,2312.994870
1664,2404,970.985820
1665,2363,1420.776051
1666,2002,1684.443802
1667,2363,1532.418754
1667,2478,1193.003066
1668,1776,1963.196865
1668,1831,2694.102172
1668,2655,2507.963828
1669,1755,2042.134753
1669,2315,2137.049211
1670,2071,2260.143653
1670,2248,2153.909433
1671,1860,1321.349906
1671,2084,1978.742827
1671,2120,1037.837750
1672,2463,1514.856767
1673,2496,1801.491280
1674,1935,1610.618207
1674,1960,1130.600607
1674,1961,1719.071116
1675,1683,1831.984966
1675,1903,1929.540092
1675,2278,2465.931159
1675,2356,1735.481604
1676,1758,1433.315876
1676,2732,2048.970788
1677,1959,1910.304999
1678,2049,1088.317726
1679,2277,2942.508027
1680,2664,2769.818794
1681,2292,1249.374702
1681,2634,1564.397482
1681,2653,1313.705408
1683,2229,1894.937832
1683,2331,1777.689059
1684,1986,1705.562971
1684,2472,2660.525935
1685,1963,2178.452211
1685,2675,1880.172451
1686,2341,1050.040864
1688,2344,1893.062810
1689,2436,1195.290134
1691,2369,1843.923573
1691,2444,1810.741975
1692,2163,617.785365
1692,2400,1230.079561
1693,2569,590.398929
1693,2645,694.851199
1694,1853,1238.618857
1694,2049,1280.658028
1694,2399,1392.005394
1694,2762,1840.199897
1695,1857,2120.183320
1698,1717,2551.588738
1700,2523,2392.768302
1701,2092,2141.286435
1702,1999,2543.428768
1703,1781,1374.798370
1703,2372,927.971162
1705,2533,2393.724743
1706,2754,1988.030828
1708,1825,1371.607703
1708,2174,1585.777943
1708,2416,1426.833859
1709,2604,1536.659950
1710,2578,1086.859929
1712,1769,2093.370421
1712,1949,1669.151060
1712,2010,1831.795813
1712,2138,1501.816568
1712,2390,1971.043532
1714,1781,1881.926670
1714,2272,1646.835056
1714,2362,2075.579489
1715,2057,1400.854819
1715,2668,1647.586802
1715,2745,1563.403325
1716,1900,1866.557611
1716,2304,1748.744652
1717,2094,1967.099013
1717,2725,1975.114222
1718,2746,1072.272451
1719,2270,2512.903595
1719,2347,2241.078649
1720,2183,1838.252100
1721,2127,1344.968437
1723,2209,560.836577
1723,2442,711.485468
1725,1783,1366.636625
1725,1905,1358.750233
1726,1753,1249.447148
1726,1910,1107.663559
1726,1980,1273.595081
1727,2056,633.949772
1727,2297,1338.796142
1729,2228,944.094045
1729,2275,1233.018957
1729,2757,1217.606847
1730,2140,770.061011
1731,1833,1323.348439
1732,1818,2197.041670
1732,2390,2102.441815
1733,1769,2204.705062
1734,2474,1629.639828
1736,2353,1951.406884
1736,2755,1929.554654
1738,1796,1742.084181
1738,2233,1513.445550
1740,2021,1359.882023
1740,2279,932.613787
1740,2410,1340.808649
1741,2011,1928.958180
1744,2028,1613.369133
1744,2663,1817.057468
1744,2684,1254.485651
1745,2581,617.912587
1746,2671,2234.222585
1747,1769,2149.927271
1748,1983,950.443165
1748,2130,2439.381464
1749,2213,1792.638845
1751,2357,1788.941314
1753,2018,1115.530659
1754,1906,1570.569301
1755,1796,1920.105855
1755,2104,2095.175239
1756,2675,1679.863023
1756,2761,1655.302739
1757,2167,2537.332642
1757,2208,2592.209754
1758,1887,1279.659627
1758,2136,1399.790716
1759,1960,1814.655178
1759,2377,1953.629815
1761,2443,1404.692473
1761,2451,1262.706200
1762,2066,2098.603850
1762,2607,2361.184943
1763,2255,2258.349012
1765,2013,2090.359463
1765,2686,1003.675048
1766,1978,1561.037494
1771,1890,549.393951
1773,1953,1782.854386
1773,2244,1776.898002
1774,2333,1641.503614
1775,2718,1945.428449
1776,1807,1958.975918
1776,2450,1875.685276
1776,2523,1770.932167
1776,2528,1941.749040
1780,2452,246.436939
1780,2765,1112.538941
1781,2283,1534.804912
1782,1839,1453.707482
1782,2156,1185.494901
1784,2263,1112.322936
1784,2405,944.811230
1786,1950,1203.912487
1786,2212,946.637760
1786,2478,641.032466
1787,2104,2223.453458
1787,2167,2213.432986
1787,2562,2078.401220
1787,2635,2019.460870
1787,2709,1964.794906
1787,2752,1975.361634
1788,2107,1353.975060
1788,2641,1326.180542
1790,2352,1270.241694
1792,1803,1550.931579
1792,1930,1361.611198
1792,2184,1339.196808
1794,2343,1020.154545
1795,2051,2012.306801
1795,2291,1876.423633
1795,2391,2178.716339
1796,2219,1860.252773
1796,2309,1736.819375
1797,2380,1099.744334
1798,2736,2086.620769
1799,1953,2150.737815
1799,2119,2228.192433
1799,2339,2080.603163
1799,2457,2200.047306
1800,1915,2417.658585
1800,2034,2939.296099
1800,2119,2217.272448
1800,2222,2516.770205
1800,2532,1746.239969
1801,2008,1350.717652
1802,2538,1976.568256
1804,2129,1742.459615
1804,2741,2192.133847
1805,1986,2496.039688
1805,2035,2152.984101
1808,1964,1493.506561
1811,2394,2177.409672
1814,2156,1559.200557
1815,2174,1470.840291
1816,1873,2412.971621
1817,2761,2102.643881
1822,2305,2328.465733
1823,2654,2498.612754
1824,1953,1629.334790
1824,2386,2222.663504
1824,2556,1951.960099
1825,1900,1397.104909
1825,2062,1064.632054
1825,2547,1078.742622
1825,2735,1350.408850
1827,2195,1039.776947
1828,1846,2911.645234
1828,2635,2235.068408
1833,2769,295.559060
1834,2201,1860.321052
1834,2596,1660.967764
1835,2620,2312.300890
1836,1896,1159.022973
1836,2129,899.066583
1836,2230,1703.725312
1837,2709,2183.439932
1839,2251,1563.146937
1839,2471,1441.008934
1839,2595,1663.170358
1839,2711,1694.728079
1844,2202,1775.500951
1847,2122,1970.195269
1849,2331,2032.812271
1850,2752,2343.690289
1852,2203,1986.681487
1852,2474,1963.272697
1854,2403,2279.764527
1855,2646,1252.215902
1857,2536,2149.475427
1857,2599,2070.645696
1858,2307,2383.207732
1858,2317,2497.418544
1858,2430,2370.640042
1859,2684,2009.185587
1860,2257,1164.648939
1860,2380,1089.038235
1861,2040,1197.474230
1861,2541,1751.417342
1861,2638,1584.953794
1862,2170,2329.032394
1862,2559,2029.067286
1863,2339,2046.954118
1864,2097,1032.101291
1864,2620,1822.365022
1865,2533,2604.559577
1866,2156,1393.782702
1866,2621,1243.573347
1867,2352,1585.375172
1867,2580,1622.070104
1868,2089,2644.791096
1868,2590,2065.020821
1870,2310,695.470105
1871,2195,990.447050
1872,2551,2164.200098
1874,2337,1875.735329
1878,1982,1529.480109
1878,2156,1495.717652
1878,2496,1576.187192
1879,2011,2044.513762
1880,2160,1321.915807
1880,2325,1361.341723
1881,1927,2229.324891
1882,1884,1716.377873
1882,2491,1350.054462
1882,2595,1850.091701
1882,2676,1625.662275
1884,2210,1658.590983
1885,2484,1328.467961
1885,2666,226.129678
1886,2291,2042.682903
1887,2448,1152.274531
1890,2324,1942.156946
1892,2758,1584.041922
1894,2238,1197.302006
1895,2615,2122.829058
1898,2047,996.353970
1898,2166,915.081171
1900,2039,1725.985580
1900,2224,1607.903693
1900,2496,1668.521373
1901,2726,1756.017435
1903,2334,1982.588184
1903,2453,2169.023830
1903,2597,2074.399091
1904,2149,1882.948726
1905,2651,1454.297658
1906,1950,1398.956952
1906,2250,1590.148202
1906,2464,1516.927491
1906,2733,1440.122614
1909,2382,1196.675395
1909,2504,863.102456
1909,2667,843.292234
1910,2234,1389.934606
1911,2135,2353.926828
1911,2291,1982.199869
1912,2254,1855.292870
1914,2549,1117.212244
1916,2142,1462.119953
1916,2721,1122.863117
1918,2294,1749.027827
1919,2508,1547.364086
1919,2763,1422.329136
1920,2356,1675.151232
1922,2752,2648.683347
1923,1934,887.179747
1924,2619,1353.279565
1925,2198,1647.658812
1925,2491,1028.710155
1926,2679,1693.922007
1927,2155,2466.775265
1928,2252,2544.858340
1928,2378,1679.953471
1929,2292,1142.167089
1932,2411,1977.388120
1932,2445,2039.868820
1934,2443,1041.961214
1937,2043,1403.783190
1937,2055,1406.299866
1937,2127,1442.601180
1938,2167,2193.959808
1938,2618,1419.767664
1939,2212,1374.572452
1942,2115,1878.799714
1942,2530,1683.756582
1943,2757,637.384609
1944,2020,1773.738781
1944,2378,1673.818675
1945,2104,2120.945746
1945,2355,2291.451116
1945,2704,2179.783574
1946,2210,1774.747518
1946,2319,1579.491121
1947,2101,1574.552322
1948,1965,1504.752849
1948,1966,1402.288441
1948,1998,2206.187261
1948,2412,1695.889999
1948,2474,1499.477176
1949,2274,1904.636037
1949,2276,2191.570656
1949,2672,1840.323385
1950,2086,1662.389935
1951,2325,1350.043349
1953,2116,1759.684173
1953,2474,1648.134777
1953,2566,2020.133675
1953,2592,1795.520999
1958,2645,2649.066081
1959,2556,1899.313942
1960,2285,1289.915913
1964,2469,1771.830536
1965,2396,1626.962081
1967,2563,2569.068305
1968,2560,2551.552631
1970,2594,2898.504621
1970,2642,2972.279840
1975,2409,1837.131253
1976,2713,2190.989209
1977,2398,1428.461239
1977,2718,1788.825663
1980,2719,1399.987978
1983,2017,1743.668522
1983,2062,1567.270364
1983,2579,2009.122943
1985,2350,2065.471018
1985,2662,2160.236555
1987,2748,1084.785292
1989,2198,1890.709534
1990,2287,1390.892512
1991,2661,1845.710856
1992,2025,1250.872924
1993,2185,1424.064788
1993,2228,1260.098418
1993,2319,1202.242608
1993,2323,1382.515550
1993,2550,1309.813451
1993,2602,1185.789730
1993,2722,959.355674
1995,2178,1929.959385
1996,2513,2814.477875
1997,2498,2173.509530
2000,2446,1281.547247
2001,2253,1602.582764
2002,2615,2220.376903
2004,2011,1230.123008
2006,2184,1507.644423
2008,2698,526.611943
2011,2154,2145.482776
2011,2187,1275.012869
2011,2358,1559.780869
2012,2415,1575.869228
2016,2739,1157.971472
2017,2198,987.746139
2017,2290,950.032646
2018,2043,1414.019045
2018,2316,1359.199458
2018,2325,1206.907443
2019,2301,2296.534633
2020,2129,1750.637601
2020,2299,1503.700640
2020,2675,1673.702416
2021,2343,901.553336
2021,2522,1151.527741
2021,2649,996.956641
2021,2724,2262.185628
2022,2156,1519.778853
2022,2361,1460.308121
2023,2308,1764.426930
2024,2698,1451.677729
2024,2725,1693.777395
2026,2203,2184.844617
2027,2490,1497.114741
2030,2167,2350.019624
2030,2517,2278.958853
2031,2552,1814.661364
2033,2548,2382.494963
2037,2538,2040.397607
2037,2616,1829.235339
2038,2156,1767.239192
2039,2157,1744.185914
2040,2393,1579.771315
2040,2634,1384.348387
2042,2415,1342.741801
2045,2530,1156.511957
2045,2649,530.890608
2047,2190,1526.996829
2047,2679,1234.566297
2048,2238,972.956130
2048,2300,1214.490139
2050,2053,1485.487062
2050,2055,1641.703246
2052,2588,2152.290064
2053,2127,1227.868988
2055,2440,1312.900194
2057,2372,1061.780036
2058,2164,1718.278120
2058,2190,1588.961613
2058,2294,1442.844613
2060,2090,2053.496700
2060,2677,2876.560599
2062,2458,1201.513028
2063,2420,1907.587842
2063,2567,2049.869468
2064,2091,2262.278354
2064,2316,1441.169063
2066,2204,1943.327339
2066,2601,1815.164249
2067,2249,2499.237166
2068,2475,3313.407009
2068,2752,2309.275074
2070,2085,1718.515896
2070,2342,1738.815149
2072,2502,2330.890201
2074,2469,1730.910344
2074,2753,1959.813406
2078,2482,2152.388803
2080,2119,2260.712354
2082,2569,1541.949552
2084,2359,1330.326907
2085,2109,1381.792157
2085,2572,917.873207
2087,2234,1644.263037
2089,2662,2503.459269
2092,2301,2274.777065
2094,2590,1957.212475
2095,2455,1888.421003
2095,2518,1918.688745
2097,2274,1552.864828
2097,2467,1964.554318
2097,2619,1432.192552
2098,2568,920.347174
2102,2665,2454.198284
2105,2310,629.416897
2107,2710,1296.688821
2110,2487,2754.302651
2111,2390,1884.814286
2111,2427,1987.934359
2112,2531,2445.994595
2113,2489,54.026398
2118,2443,1034.826599
2119,2594,2439.727819
2121,2578,799.639029
2125,2261,2562.249587
2126,2545,2244.439482
2127,2132,1443.066179
2129,2194,2348.959991
2129,2713,1981.282075
2131,2245,1361.805678
2133,2390,2014.577137
2133,2538,1971.357332
2136,2350,1576.198209
2136,2640,1510.616603
2137,2229,1908.096575
2138,2357,1334.255125
2140,2325,1294.081061
2141,2357,1929.722466
2141,2624,1909.736663
2142,2300,958.169305
2143,2235,987.581135
2146,2279,1318.737191
2146,2410,1336.784513
2147,2168,2755.471967
2147,2533,2661.203086
2149,2280,1270.542806
2152,2735,1210.696512
2153,2368,737.546120
2158,2644,2167.538318
2160,2303,1410.136573
2160,2323,786.265952
2160,2719,1255.878353
2161,2342,1162.687454
2164,2463,1677.646852
2164,2525,1846.656709
2167,2168,2634.090448
2167,2507,2724.476512
2170,2500,2488.619382
2171,2750,1390.292198
2172,2183,1797.779275
2173,2653,534.894453
2175,2328,1343.526679
2177,2619,1469.583266
2178,2218,2480.683941
2178,2267,2309.851818
2178,2318,2230.361188
2179,2660,1231.020225
2180,2372,1706.337150
2187,2684,1377.123213
2188,2605,589.059202
2191,2733,1378.644616
2192,2683,2402.148472
2192,2714,2060.779042
2193,2366,1175.256209
2194,2476,2639.258519
2195,2325,1342.608790
2195,2343,861.011420
2196,2285,1790.222582
2196,2496,1907.762416
2197,2237,884.129880
2199,2647,1041.291850
2199,2746,1069.443958
2200,2578,730.476839
2202,2642,2358.553402
2204,2457,2240.972987
2207,2304,1366.125011
2207,2455,1417.308072
2208,2704,2536.439058
2209,2368,820.090116
2209,2599,1847.609655
2210,2621,1694.264138
2210,2627,1465.564525
2212,2553,1307.444099
2217,2741,2107.816030
2218,2411,2431.546523
2220,2583,1468.067525
2221,2413,3021.860574
2222,2307,2543.830193
2227,2419,2075.441872
2227,2663,1852.631870
2228,2679,1227.651630
2229,2402,1712.608900
2229,2429,2847.079834
2229,2505,1850.571749
2231,2524,2313.155289
2237,2443,996.451491
2238,2251,1494.883254
2238,2629,1688.693661
2239,2548,2075.690866
2242,2357,2152.251969
2243,2266,536.092541
2243,2550,1356.354006
2245,2325,1216.187313
2246,2310,726.799400
2247,2500,1866.621197
2247,2538,2278.307507
2248,2567,2202.973852
2253,2402,1840.878516
2259,2305,1438.483966
2259,2551,1133.106851
2260,2541,1566.459950
2264,2699,2335.067481
2265,2575,2113.998219
2267,2412,2251.407965
2269,2356,2036.132946
2269,2589,2244.913034
2270,2331,2498.458030
2270,2699,2509.926999
2271,2641,1196.553517
2272,2425,1853.038178
2273,2653,1353.190360
2277,2331,2365.663289
2277,2714,2408.385709
2281,2537,2914.063141
2282,2357,2331.335643
2282,2371,2224.937238
2284,2388,2093.018176
2288,2565,1009.884443
2293,2427,1813.540272
2295,2685,2010.113985
2297,2715,736.748241
2299,2378,1760.141060
2301,2320,2239.146290
2301,2398,2041.740689
2303,2691,1515.843526
2307,2697,2571.067899
2308,2644,1728.159842
2315,2457,2012.563041
2315,2720,2175.094507
2316,2389,1405.099340
2323,2746,1296.558218
2325,2399,1044.424354
2325,2647,1377.359279
2328,2448,1049.592825
2329,2541,1804.207996
2331,2752,1893.440921
2334,2339,1023.515113
2335,2572,1989.197376
2335,2652,770.189313
2336,2570,2141.437957
2337,2535,2021.155595
2338,2760,2399.267195
2339,2618,2147.597203
2340,2572,1753.630957
2342,2428,1995.865105
2343,2369,1558.157234
2347,2571,2716.424593
2353,2525,1260.891213
2356,2559,1735.905519
2356,2611,1874.046485
2356,2675,1497.467624
2357,2473,1953.092877
2357,2620,1817.794384
2365,2483,2257.853504
2366,2762,1911.234595
2373,2659,1854.196994
2374,2648,1991.313830
2374,2741,2140.913729
2381,2575,1746.048263
2381,2701,1815.077359
2382,2578,748.931396
2382,2678,856.863140
2384,2730,1539.490597
2390,2616,1849.284703
2394,2698,1137.957061
2397,2677,2787.593711
2400,2591,1713.418079
2402,2760,1704.467783
2404,2516,1269.186894
2405,2737,718.295432
2406,2738,2728.173749
2407,2587,2179.011014
2408,2444,1690.085693
2408,2741,2212.633857
2411,2535,1991.198306
2415,2474,1523.477861
2417,2487,1787.673203
2417,2645,1558.986469
2420,2613,2123.818407
2421,2508,1710.152708
2424,2474,1995.763635
2426,2570,2120.285831
2430,2662,2461.722484
2430,2699,2134.658305
2431,2600,1267.161968
2436,2541,694.322319
2438,2663,2102.356395
2440,2516,791.309057
2441,2454,2587.805125
2445,2562,2036.326467
2445,2759,2114.915437
2447,2455,1067.665285
2447,2469,1739.274927
2448,2640,1474.323890
2449,2692,1834.709599
2452,2622,1235.726506
2455,2521,1836.186724
2468,2553,1336.817058
2469,2552,1826.187633
2470,2620,2172.158618
2471,2485,1641.147394
2473,2636,2363.388044
2474,2503,2039.913070
2474,2703,1821.870819
2474,2760,1470.317421
2490,2756,1793.273863
2492,2624,1674.283397
2495,2576,1174.242972
2510,2653,1936.358917
2514,2545,2184.237305
2516,2586,301.036995
2520,2721,1132.358882
2521,2711,1700.480634
2523,2524,2474.897509
2530,2766,1296.190930
2538,2707,1990.075859
2540,2695,1868.100270
2540,2733,1294.550776
2542,2664,1934.373379
2542,2706,1688.755951
2545,2619,1662.655050
2548,2738,2148.027197
2550,2743,1344.025566
2554,2664,2435.332171
2563,2569,1844.935395
2567,2646,2253.364549
2573,2646,2045.919161
2573,2686,1312.623782
2575,2684,1695.394315
2578,2583,1326.222706
2578,2723,1353.177812
2582,2700,1061.953287
2586,2750,1048.368543
2596,2648,1614.064792
2602,2767,1444.283041
2608,2635,2396.369699
2616,2726,1720.957886
2619,2632,466.738706
2624,2749,1834.402364
2638,2755,1750.573057
2647,2750,1160.564837
2658,2736,2561.615580
2666,2769,256.514554
2669,2684,1899.427311
2671,2690,1909.416259
2673,2755,1830.693487
2675,2707,1738.156419
2705,2759,2743.617671
2725,2761,1824.586777
2746,2750,1018.001104
2750,2757,1160.635792
